0.1	1.06577	7.4531	1.06577	7.4531	1.41468	0.848544	2.35852
0.1141631	1.06577	7.4531	1.06577	7.4531	1.4398726	0.8514266	2.4351877
0.1283262	1.06577	7.4531	1.06577	7.4531	1.5145464	0.8537356	2.6869558
0.1424893	1.06577	7.4531	1.06577	7.4531	1.7141343	0.9153977	3.2099917
0.1566524	1.06577	7.4531	1.06577	7.4531	1.8097869	0.9627708	3.4020457
0.1708155	1.06577	7.4531	1.06577	7.4531	1.9629983	1.0123287	3.8065455
0.1849785	1.06577	7.4531	1.06577	7.4531	2.068748	1.0850595	3.9442066
0.1991416	1.06577	7.4531	1.06577	7.4531	2.1846137	1.1186456	4.26645
0.2133047	1.06577	7.4531	1.06577	7.4531	2.0800062	1.102926	3.9240318
0.2274678	1.06577	7.4531	1.06577	7.4531	1.7345306	0.9369693	3.2129026
0.2416309	1.06577	7.4531	1.06577	7.4531	1.6704318	0.8377576	3.3347677
0.255794	1.06577	7.4531	1.06577	7.4531	1.4288417	0.9383685	2.1756952
0.2699571	1.06577	7.4531	1.06577	7.4531	1.2839258	0.794504	2.0749075
0.2841202	1.06577	7.4531	1.06577	7.4531	1.2937311	0.7857379	2.130146
0.2982833	1.06577	7.4531	1.06577	7.4531	1.3646729	0.7864724	2.3683414
0.3124464	1.06577	7.4531	1.06577	7.4531	1.4057618	0.8073787	2.447822
0.3266094	1.06577	7.4531	1.06577	7.4531	1.5526676	0.8209893	2.9415821
0.3407725	1.06577	7.4531	1.06577	7.4531	1.9083769	0.7690415	4.7519871
0.3549356	1.06577	7.4531	1.06577	7.4531	1.7151298	0.8337615	3.5744997
0.3690987	1.06577	7.4531	1.06577	7.4531	1.2127766	0.8083583	1.8213309
0.3832618	1.06577	7.4531	1.06577	7.4531	0.9858251	0.5974663	1.6338638
0.3974249	1.06577	7.4531	1.06577	7.4531	1.0135609	0.4665435	2.2076446
0.411588	1.06577	7.4531	1.06577	7.4531	1.1353294	0.5192437	2.4872648
0.4257511	1.06577	7.4531	1.06577	7.4531	1.1950337	0.668481	2.1416349
0.4399142	1.06577	7.4531	1.06577	7.4531	1.128105	0.7335425	1.7351934
0.4540773	1.06577	7.4531	1.06577	7.4531	1.0383927	0.7056166	1.5282935
0.4682403	1.06577	7.4531	1.06577	7.4531	1.0470767	0.7428068	1.4759965
0.4824034	1.06577	7.4531	1.06577	7.4531	1.1741006	0.8541455	1.6139442
0.4965665	1.06577	7.4531	1.06577	7.4531	1.3311838	0.9724368	1.8224046
0.5107296	1.06577	7.4531	1.06577	7.4531	1.4402057	0.9468153	2.1909635
0.5248927	1.06577	7.4531	1.06577	7.4531	1.4071117	0.8688488	2.2789451
0.5390558	1.06577	7.4531	1.06577	7.4531	1.2636216	0.7683841	2.0780638
0.5532189	1.06577	7.4531	1.06577	7.4531	1.0797293	0.6892527	1.6916834
0.567382	1.06577	7.4531	1.06577	7.4531	0.9774416	0.6368689	1.5001396
0.5815451	1.06577	7.4531	1.06577	7.4531	0.9912909	0.6296892	1.5606324
0.5957082	1.06577	7.4531	1.06577	7.4531	1.0644719	0.6715733	1.6872511
0.6098712	1.06577	7.4531	1.06577	7.4531	1.188514	0.7649721	1.8465797
0.6240343	1.06577	7.4531	1.06577	7.4531	1.3943738	0.8854017	2.1961713
0.6381974	1.06577	7.4531	1.06577	7.4531	1.6846453	0.9899054	2.8695676
0.6523605	1.06577	7.4531	1.06577	7.4531	1.9305804	1.0060739	3.7070105
0.6665236	1.06577	7.4531	1.06577	7.4531	2.0126679	0.9841072	4.1163701
0.6806867	1.06577	7.4531	1.06577	7.4531	1.9783669	0.9485113	4.1264972
0.6948498	1.06577	7.4531	1.06577	7.4531	1.8827828	0.8884166	3.9901441
0.7090129	1.06577	7.4531	1.06577	7.4531	1.7278496	0.8539869	3.4969819
0.723176	1.06577	7.4531	1.06577	7.4531	1.5894018	0.8765261	2.8825382
0.7373391	1.06577	7.4531	1.06577	7.4531	1.5565121	0.9330414	2.5965859
0.7515021	1.06577	7.4531	1.06577	7.4531	1.630849	1.0158158	2.6183007
0.7656652	1.06577	7.4531	1.06577	7.4531	1.7567212	1.1141216	2.7699665
0.7798283	1.06577	7.4531	1.06577	7.4531	1.8550314	1.1489199	2.9952825
0.7939914	1.06577	7.4531	1.06577	7.4531	1.840789	1.0713235	3.1636007
0.8081545	1.06577	7.4531	1.06577	7.4531	1.6969365	0.9294552	3.0986824
0.8223176	1.06577	7.4531	1.06577	7.4531	1.4878081	0.7916531	2.7961277
0.8364807	1.06577	7.4531	1.06577	7.4531	1.2898091	0.7318193	2.2751262
0.8506438	1.06577	7.4531	1.06577	7.4531	1.1673044	0.751302	1.8153691
0.8648069	1.06577	7.4531	1.06577	7.4531	1.1484622	0.8033725	1.642006
0.87897	1.06577	7.4531	1.06577	7.4531	1.238307	0.8709696	1.7607534
0.893133	1.06577	7.4531	1.06577	7.4531	1.4311518	0.9395688	2.1811185
0.9072961	1.06577	7.4531	1.06577	7.4531	1.7122163	1.0323712	2.8403341
0.9214592	1.06577	7.4531	1.06577	7.4531	2.0508973	1.2031911	3.4959817
0.9356223	1.06577	7.4531	1.06577	7.4531	2.3894918	1.4768651	3.8672328
0.9497854	1.06577	7.4531	1.06577	7.4531	2.6710571	1.8030242	3.9576187
0.9639485	1.06577	7.4531	1.06577	7.4531	2.8820692	2.0723238	4.0082945
0.9781116	1.06577	7.4531	1.06577	7.4531	3.0507155	2.2781647	4.0852728
0.9922747	1.06577	7.4531	1.06577	7.4531	3.2081755	2.5384992	4.0547685
1.0064378	1.06577	7.4531	1.06577	7.4531	3.4009072	2.7008194	4.2826175
1.0206009	1.06577	7.4531	1.06577	7.4531	3.6590018	2.6411304	5.0714407
1.0347639	1.06577	7.4531	1.06577	7.4531	3.9203986	2.6130465	5.8828738
1.048927	1.06577	7.4531	1.06577	7.4531	4.092488	2.6496054	6.3211598
1.0630901	1.06577	7.4531	1.06577	7.4531	4.1433783	2.6945627	6.3712731
1.0772532	1.06577	7.4531	1.06577	7.4531	4.097844	2.7349074	6.1404599
1.0914163	1.06577	7.4531	1.06577	7.4531	4.0134378	2.7761295	5.8026735
1.1055794	1.06577	7.4531	1.06577	7.4531	3.9371735	2.7925306	5.5510691
1.1197425	1.06577	7.4531	1.06577	7.4531	3.8654067	2.7405516	5.4520398
1.1339056	1.06577	7.4531	1.06577	7.4531	3.7698076	2.6146826	5.435472
1.1480687	1.06577	7.4531	1.06577	7.4531	3.6251673	2.4632729	5.3351215
1.1622318	1.06577	7.4531	1.06577	7.4531	3.4126989	2.3248841	5.0095726
1.1763948	1.06577	7.4531	1.06577	7.4531	3.1458409	2.1804657	4.538641
1.1905579	1.06577	7.4531	1.06577	7.4531	2.8671333	1.9975151	4.1153601
1.204721	1.06577	7.4531	1.06577	7.4531	2.6116564	1.7875418	3.8157601
1.2188841	1.06577	7.4531	1.06577	7.4531	2.3933375	1.5780464	3.6298782
1.2330472	1.06577	7.4531	1.06577	7.4531	2.2106722	1.3865237	3.5248966
1.2472103	1.06577	7.4531	1.06577	7.4531	2.0593043	1.2310812	3.4449459
1.2613734	1.06577	7.4531	1.06577	7.4531	1.9408907	1.123405	3.3533515
1.2755365	1.06577	7.4531	1.06577	7.4531	1.85896	1.060429	3.2588036
1.2896996	1.06577	7.4531	1.06577	7.4531	1.8100792	1.0285981	3.1852792
1.3038627	1.06577	7.4531	1.06577	7.4531	1.781701	1.0118181	3.1373813
1.3180258	1.06577	7.4531	1.06577	7.4531	1.7579562	0.9981131	3.0962585
1.3321888	1.06577	7.4531	1.06577	7.4531	1.728943	0.9835763	3.0391527
1.3463519	1.06577	7.4531	1.06577	7.4531	1.6971794	0.9722502	2.9626411
1.360515	1.06577	7.4531	1.06577	7.4531	1.6741016	0.9717384	2.8841677
1.3746781	1.06577	7.4531	1.06577	7.4531	1.6685387	0.9868727	2.8211354
1.3888412	1.06577	7.4531	1.06577	7.4531	1.6796427	1.0167762	2.7747413
1.4030043	1.06577	7.4531	1.06577	7.4531	1.6998633	1.057764	2.731864
1.4171674	1.06577	7.4531	1.06577	7.4531	1.7219473	1.1073422	2.6777981
1.4313305	1.06577	7.4531	1.06577	7.4531	1.7421405	1.1624133	2.6110554
1.4454936	1.06577	7.4531	1.06577	7.4531	1.7589801	1.2094935	2.5580983
1.4596567	1.06577	7.4531	1.06577	7.4531	1.7717586	1.218391	2.5764476
1.4738197	1.06577	7.4531	1.06577	7.4531	1.7812127	1.1703768	2.7110753
1.4879828	1.06577	7.4531	1.06577	7.4531	1.7890392	1.0857526	2.9486679
1.5021459	1.06577	7.4531	1.06577	7.4531	1.7947625	0.9978765	3.229098
1.516309	1.06577	7.4531	1.06577	7.4531	1.7931063	0.9286023	3.4631117
1.5304721	1.06577	7.4531	1.06577	7.4531	1.7754875	0.8862056	3.5572217
1.5446352	1.06577	7.4531	1.06577	7.4531	1.735771	0.8682311	3.4702273
1.5587983	1.06577	7.4531	1.06577	7.4531	1.6751804	0.8643483	3.2469866
1.5729614	1.06577	7.4531	1.06577	7.4531	1.6012156	0.8616744	2.9758268
1.5871245	1.06577	7.4531	1.06577	7.4531	1.5233573	0.8512358	2.7263512
1.6012876	1.06577	7.4531	1.06577	7.4531	1.4501917	0.8315016	2.5292696
1.6154506	1.06577	7.4531	1.06577	7.4531	1.3881526	0.8067166	2.3886631
1.6296137	1.06577	7.4531	1.06577	7.4531	1.340781	0.7821629	2.2983684
1.6437768	1.06577	7.4531	1.06577	7.4531	1.3087428	0.7609791	2.2507849
1.6579399	1.06577	7.4531	1.06577	7.4531	1.2910525	0.744558	2.2386788
1.672103	1.06577	7.4531	1.06577	7.4531	1.2868802	0.7345395	2.2545498
1.6862661	1.06577	7.4531	1.06577	7.4531	1.2964234	0.7337788	2.2904721
1.7004292	1.06577	7.4531	1.06577	7.4531	1.3207207	0.7460122	2.3381754
1.7145923	1.06577	7.4531	1.06577	7.4531	1.3596945	0.7737499	2.3893593
1.7287554	1.06577	7.4531	1.06577	7.4531	1.4115937	0.8168773	2.4393241
1.7429185	1.06577	7.4531	1.06577	7.4531	1.4729091	0.8706716	2.4917527
1.7570815	1.06577	7.4531	1.06577	7.4531	1.5394611	0.925692	2.5602074
1.7712446	1.06577	7.4531	1.06577	7.4531	1.607815	0.9719504	2.6596744
1.7854077	1.06577	7.4531	1.06577	7.4531	1.6755546	1.0061116	2.7904598
1.7995708	1.06577	7.4531	1.06577	7.4531	1.740184	1.0343387	2.9277224
1.8137339	1.06577	7.4531	1.06577	7.4531	1.7978297	1.0671605	3.028792
1.827897	1.06577	7.4531	1.06577	7.4531	1.8438488	1.1116476	3.0584513
1.8420601	1.06577	7.4531	1.06577	7.4531	1.8752665	1.1653518	3.0178651
1.8562232	1.06577	7.4531	1.06577	7.4531	1.8922422	1.2141062	2.9492325
1.8703863	1.06577	7.4531	1.06577	7.4531	1.8964065	1.2379686	2.9050574
1.8845494	1.06577	7.4531	1.06577	7.4531	1.8888519	1.2265697	2.9087693
1.8987124	1.06577	7.4531	1.06577	7.4531	1.870327	1.1877171	2.9453154
1.9128755	1.06577	7.4531	1.06577	7.4531	1.8429113	1.137062	2.9869349
1.9270386	1.06577	7.4531	1.06577	7.4531	1.8105495	1.0864301	3.0173198
1.9412017	1.06577	7.4531	1.06577	7.4531	1.778215	1.0423548	3.0335773
1.9553648	1.06577	7.4531	1.06577	7.4531	1.7505587	1.0085499	3.038505
1.9695279	1.06577	7.4531	1.06577	7.4531	1.7315526	0.9879389	3.0348836
1.983691	1.06577	7.4531	1.06577	7.4531	1.724495	0.9831685	3.0248016
1.9978541	1.06577	7.4531	1.06577	7.4531	1.7318647	0.9964893	3.0099608
2.0120172	1.06577	7.4531	1.06577	7.4531	1.7547647	1.0292824	2.9916861
2.0261803	1.06577	7.4531	1.06577	7.4531	1.7920092	1.0810942	2.9706108
2.0403433	1.06577	7.4531	1.06577	7.4531	1.8391475	1.1481368	2.9462945
2.0545064	1.06577	7.4531	1.06577	7.4531	1.8878878	1.221797	2.9173573
2.0686695	1.06577	7.4531	1.06577	7.4531	1.9270994	1.2885673	2.8822081
2.0828326	1.06577	7.4531	1.06577	7.4531	1.9459596	1.3337269	2.839299
2.0969957	1.06577	7.4531	1.06577	7.4531	1.9384774	1.348574	2.7864351
2.1111588	1.06577	7.4531	1.06577	7.4531	1.9067096	1.3350386	2.7231839
2.1253219	1.06577	7.4531	1.06577	7.4531	1.8602834	1.3025274	2.6568709
2.139485	1.06577	7.4531	1.06577	7.4531	1.8120853	1.2614483	2.6030931
2.1536481	1.06577	7.4531	1.06577	7.4531	1.7731216	1.2201713	2.5766463
2.1678112	1.06577	7.4531	1.06577	7.4531	1.7496297	1.185032	2.5832308
2.1819742	1.06577	7.4531	1.06577	7.4531	1.7424832	1.1600914	2.6172704
2.1961373	1.06577	7.4531	1.06577	7.4531	1.748455	1.1468162	2.6657382
2.2103004	1.06577	7.4531	1.06577	7.4531	1.7621087	1.1447671	2.7123749
2.2244635	1.06577	7.4531	1.06577	7.4531	1.7770981	1.1523246	2.7406012
2.2386266	1.06577	7.4531	1.06577	7.4531	1.7872931	1.1673948	2.7363884
2.2527897	1.06577	7.4531	1.06577	7.4531	1.7876047	1.1876862	2.690626
2.2669528	1.06577	7.4531	1.06577	7.4531	1.7743892	1.2108028	2.6004743
2.2811159	1.06577	7.4531	1.06577	7.4531	1.7457368	1.2341322	2.4696784
2.295279	1.06577	7.4531	1.06577	7.4531	1.7015546	1.2544699	2.3082731
2.3094421	1.06577	7.4531	1.06577	7.4531	1.6435483	1.2672993	2.1317603
2.3236052	1.06577	7.4531	1.06577	7.4531	1.5749564	1.2662448	1.9590783
2.3377682	1.06577	7.4531	1.06577	7.4531	1.4999149	1.2446742	1.8075495
2.3519313	1.06577	7.4531	1.06577	7.4531	1.4226997	1.2016992	1.6843573
2.3660944	1.06577	7.4531	1.06577	7.4531	1.3471715	1.1472584	1.581927
2.3802575	1.06577	7.4531	1.06577	7.4531	1.2765481	1.0957977	1.487118
2.3944206	1.06577	7.4531	1.06577	7.4531	1.2134204	1.0562224	1.394018
2.4085837	1.06577	7.4531	1.06577	7.4531	1.1597832	1.0295008	1.3065644
2.4227468	1.06577	7.4531	1.06577	7.4531	1.1165482	1.0096646	1.2347573
2.4369099	1.06577	7.4531	1.06577	7.4531	1.0837655	0.986967	1.1900501
2.451073	1.06577	7.4531	1.06577	7.4531	1.0608781	0.9564575	1.1767077
2.4652361	1.06577	7.4531	1.06577	7.4531	1.0467664	0.9233353	1.1867432
2.4793991	1.06577	7.4531	1.06577	7.4531	1.0400442	0.8940393	1.2099318
2.4935622	1.06577	7.4531	1.06577	7.4531	1.0391376	0.8710986	1.239634
2.5077253	1.06577	7.4531	1.06577	7.4531	1.042408	0.8544205	1.2717866
2.5218884	1.06577	7.4531	1.06577	7.4531	1.0481576	0.8429013	1.3034227
2.5360515	1.06577	7.4531	1.06577	7.4531	1.0546735	0.8352287	1.3317935
2.5502146	1.06577	7.4531	1.06577	7.4531	1.0602979	0.8302069	1.3541673
2.5643777	1.06577	7.4531	1.06577	7.4531	1.0635283	0.8268297	1.3679909
2.5785408	1.06577	7.4531	1.06577	7.4531	1.0632138	0.8242978	1.371386
2.5927039	1.06577	7.4531	1.06577	7.4531	1.0587134	0.8221049	1.3634183
2.606867	1.06577	7.4531	1.06577	7.4531	1.0499736	0.8201867	1.3441401
2.62103	1.06577	7.4531	1.06577	7.4531	1.0376156	0.8189441	1.3146855
2.6351931	1.06577	7.4531	1.06577	7.4531	1.0228794	0.8189411	1.2776102
2.6493562	1.06577	7.4531	1.06577	7.4531	1.0075201	0.8202827	1.2375102
2.6635193	1.06577	7.4531	1.06577	7.4531	0.9936114	0.821828	1.2013144
2.6776824	1.06577	7.4531	1.06577	7.4531	0.983162	0.8210637	1.1772666
2.6918455	1.06577	7.4531	1.06577	7.4531	0.9779157	0.8153751	1.1728609
2.7060086	1.06577	7.4531	1.06577	7.4531	0.9791227	0.8046594	1.1914398
2.7201717	1.06577	7.4531	1.06577	7.4531	0.9873934	0.7920747	1.2309292
2.7343348	1.06577	7.4531	1.06577	7.4531	1.0025928	0.7818248	1.285767
2.7484979	1.06577	7.4531	1.06577	7.4531	1.023777	0.7770496	1.3488954
2.7626609	1.06577	7.4531	1.06577	7.4531	1.0492088	0.779188	1.4128303
2.776824	1.06577	7.4531	1.06577	7.4531	1.0765417	0.7880452	1.4706581
2.7909871	1.06577	7.4531	1.06577	7.4531	1.1031188	0.8020172	1.5172684
2.8051502	1.06577	7.4531	1.06577	7.4531	1.1263768	0.8184646	1.5501286
2.8193133	1.06577	7.4531	1.06577	7.4531	1.1440685	0.8342256	1.5690068
2.8334764	1.06577	7.4531	1.06577	7.4531	1.1545639	0.8463617	1.5749973
2.8476395	1.06577	7.4531	1.06577	7.4531	1.156765	0.852667	1.569326
2.8618026	1.06577	7.4531	1.06577	7.4531	1.1501983	0.8519601	1.5528365
2.8759657	1.06577	7.4531	1.06577	7.4531	1.1348903	0.844024	1.5259905
2.8901288	1.06577	7.4531	1.06577	7.4531	1.1114834	0.8294075	1.4894971
2.9042918	1.06577	7.4531	1.06577	7.4531	1.0813411	0.8091518	1.445086
2.9184549	1.06577	7.4531	1.06577	7.4531	1.0461871	0.7843533	1.3954302
2.932618	1.06577	7.4531	1.06577	7.4531	1.0081105	0.7562128	1.3439101
2.9467811	1.06577	7.4531	1.06577	7.4531	0.9692674	0.7261612	1.29376
2.9609442	1.06577	7.4531	1.06577	7.4531	0.9316548	0.6959603	1.2471747
2.9751073	1.06577	7.4531	1.06577	7.4531	0.8968772	0.6675997	1.2049008
2.9892704	1.06577	7.4531	1.06577	7.4531	0.8660257	0.6429764	1.166449
3.0034335	1.06577	7.4531	1.06577	7.4531	0.8396407	0.6235162	1.1306772
3.0175966	1.06577	7.4531	1.06577	7.4531	0.8177649	0.609942	1.0964043
3.0317597	1.06577	7.4531	1.06577	7.4531	0.8000352	0.6022432	1.0627942
3.0459227	1.06577	7.4531	1.06577	7.4531	0.7858062	0.5997873	1.0295311
3.0600858	1.06577	7.4531	1.06577	7.4531	0.7742704	0.6014888	0.9966997
3.0742489	1.06577	7.4531	1.06577	7.4531	0.764569	0.605959	0.96471
3.088412	1.06577	7.4531	1.06577	7.4531	0.7558928	0.6115941	0.9342431
3.1025751	1.06577	7.4531	1.06577	7.4531	0.7475497	0.6166272	0.9062709
3.1167382	1.06577	7.4531	1.06577	7.4531	0.7390207	0.6191322	0.8821259
3.1309013	1.06577	7.4531	1.06577	7.4531	0.7299945	0.6172842	0.863286
3.1450644	1.06577	7.4531	1.06577	7.4531	0.7203776	0.6098695	0.8509094
3.1592275	1.06577	7.4531	1.06577	7.4531	0.7102629	0.5967804	0.8453282
3.1733906	1.06577	7.4531	1.06577	7.4531	0.6998892	0.5790853	0.8459091
3.1875536	1.06577	7.4531	1.06577	7.4531	0.6895869	0.5584528	0.8515412
3.2017167	1.06577	7.4531	1.06577	7.4531	0.6797496	0.5365786	0.8611609
3.2158798	1.06577	7.4531	1.06577	7.4531	0.6707418	0.5147768	0.8740077
3.2300429	1.06577	7.4531	1.06577	7.4531	0.6628844	0.4939912	0.8895725
3.244206	1.06577	7.4531	1.06577	7.4531	0.6564154	0.4748489	0.907457
3.2583691	1.06577	7.4531	1.06577	7.4531	0.6514652	0.4577439	0.9272174
3.2725322	1.06577	7.4531	1.06577	7.4531	0.6480474	0.4429034	0.9482463
3.2866953	1.06577	7.4531	1.06577	7.4531	0.6460508	0.4304235	0.9697262
3.3008584	1.06577	7.4531	1.06577	7.4531	0.6452569	0.4202858	0.9906672
3.3150215	1.06577	7.4531	1.06577	7.4531	0.6453653	0.4123681	1.0100187
3.3291845	1.06577	7.4531	1.06577	7.4531	0.6460323	0.406452	1.0268369
3.3433476	1.06577	7.4531	1.06577	7.4531	0.6469284	0.4022376	1.0404693
3.3575107	1.06577	7.4531	1.06577	7.4531	0.6477791	0.3993743	1.0506864
3.3716738	1.06577	7.4531	1.06577	7.4531	0.6484288	0.3974313	1.0579463
3.3858369	1.06577	7.4531	1.06577	7.4531	0.6488726	0.3959968	1.0632323
3.4	1.06577	7.4531	1.06577	7.4531	0.649269	0.3947166	1.067982
3.4141631	1.06577	7.4531	1.06577	7.4531	0.6499319	0.3933608	1.0738512
3.4283262	1.06577	7.4531	1.06577	7.4531	0.6512918	0.3918918	1.0823972
3.4424893	1.06577	7.4531	1.06577	7.4531	0.6538433	0.3904969	1.0947938
3.4566524	1.06577	7.4531	1.06577	7.4531	0.6580661	0.3895474	1.1116851
3.4708155	1.06577	7.4531	1.06577	7.4531	0.6643591	0.3895123	1.13315
3.4849785	1.06577	7.4531	1.06577	7.4531	0.6729726	0.3908382	1.1587788
3.4991416	1.06577	7.4531	1.06577	7.4531	0.68397	0.3938594	1.1877721
3.5133047	1.06577	7.4531	1.06577	7.4531	0.6972091	0.3987476	1.2190676
3.5274678	1.06577	7.4531	1.06577	7.4531	0.7123515	0.4055183	1.2513498
3.5416309	1.06577	7.4531	1.06577	7.4531	0.7288906	0.4140555	1.2831158
3.555794	1.06577	7.4531	1.06577	7.4531	0.7462076	0.4241632	1.3127638
3.5699571	1.06577	7.4531	1.06577	7.4531	0.7635783	0.4355631	1.3386181
3.5841202	1.06577	7.4531	1.06577	7.4531	0.7803061	0.4479639	1.3592123
3.5982833	1.06577	7.4531	1.06577	7.4531	0.7957147	0.461042	1.3733319
3.6124464	1.06577	7.4531	1.06577	7.4531	0.809278	0.4744337	1.3804556
3.6266094	1.06577	7.4531	1.06577	7.4531	0.820607	0.4877708	1.3805714
3.6407725	1.06577	7.4531	1.06577	7.4531	0.8294779	0.500675	1.3742315
3.6549356	1.06577	7.4531	1.06577	7.4531	0.8358227	0.5127783	1.3623992
3.6690987	1.06577	7.4531	1.06577	7.4531	0.8397121	0.5237535	1.3462974
3.6832618	1.06577	7.4531	1.06577	7.4531	0.8413224	0.5333532	1.3271381
3.6974249	1.06577	7.4531	1.06577	7.4531	0.8409125	0.5414503	1.3060247
3.711588	1.06577	7.4531	1.06577	7.4531	0.8387984	0.5480595	1.2837872
3.7257511	1.06577	7.4531	1.06577	7.4531	0.835343	0.5533507	1.2610531
3.7399142	1.06577	7.4531	1.06577	7.4531	0.8309412	0.5576318	1.2382175
3.7540773	1.06577	7.4531	1.06577	7.4531	0.8260054	0.5613241	1.2155045
3.7682403	1.06577	7.4531	1.06577	7.4531	0.8209437	0.5649364	1.1929687
3.7824034	1.06577	7.4531	1.06577	7.4531	0.8161258	0.5690448	1.170499
3.7965665	1.06577	7.4531	1.06577	7.4531	0.8118545	0.5742606	1.147758
3.8107296	1.06577	7.4531	1.06577	7.4531	0.8083415	0.5811951	1.1242646
3.8248927	1.06577	7.4531	1.06577	7.4531	0.8057081	0.5904273	1.0994883
3.8390558	1.06577	7.4531	1.06577	7.4531	0.8039793	0.6024053	1.0730166
3.8532189	1.06577	7.4531	1.06577	7.4531	0.803099	0.61736	1.0447493
3.867382	1.06577	7.4531	1.06577	7.4531	0.8029704	0.6352974	1.014934
3.8815451	1.06577	7.4531	1.06577	7.4531	0.8034621	0.6559272	0.9842336
3.8957082	1.06577	7.4531	1.06577	7.4531	0.8044203	0.6785697	0.9536722
3.9098712	1.06577	7.4531	1.06577	7.4531	0.8056825	0.7019797	0.9247626
3.9240343	1.06577	7.4531	1.06577	7.4531	0.8070879	0.7239353	0.8998321
3.9381974	1.06577	7.4531	1.06577	7.4531	0.8084949	0.7404929	0.8827546
3.9523605	1.06577	7.4531	1.06577	7.4531	0.8098032	0.746541	0.8784263
3.9665236	1.06577	7.4531	1.06577	7.4531	0.8109757	0.740585	0.8880708
3.9806867	1.06577	7.4531	1.06577	7.4531	0.812053	0.726996	0.9070908
3.9948498	1.06577	7.4531	1.06577	7.4531	0.8131642	0.7106078	0.9305526
4.0090129	1.06577	7.4531	1.06577	7.4531	0.8145157	0.694061	0.9558998
4.023176	1.06577	7.4531	1.06577	7.4531	0.8163728	0.6785682	0.9821806
4.0373391	1.06577	7.4531	1.06577	7.4531	0.8190303	0.6647015	1.009201
4.0515021	1.06577	7.4531	1.06577	7.4531	0.8227785	0.6527578	1.0370871
4.0656652	1.06577	7.4531	1.06577	7.4531	0.8278871	0.6429208	1.0660682
4.0798283	1.06577	7.4531	1.06577	7.4531	0.8345272	0.635234	1.0963594
4.0939914	1.06577	7.4531	1.06577	7.4531	0.8427769	0.6296507	1.1280577
4.1081545	1.06577	7.4531	1.06577	7.4531	0.8526008	0.6260339	1.1611796
4.1223176	1.06577	7.4531	1.06577	7.4531	0.8638289	0.6241505	1.1955598
4.1364807	1.06577	7.4531	1.06577	7.4531	0.8761434	0.6237	1.2307767
4.1506438	1.06577	7.4531	1.06577	7.4531	0.8890694	0.6243473	1.2660452
4.1648069	1.06577	7.4531	1.06577	7.4531	0.9019838	0.6257588	1.3001537
4.17897	1.06577	7.4531	1.06577	7.4531	0.9141443	0.6276323	1.3314587
4.193133	1.06577	7.4531	1.06577	7.4531	0.9247453	0.6296997	1.3580406
4.2072961	1.06577	7.4531	1.06577	7.4531	0.9330077	0.6317102	1.378016
4.2214592	1.06577	7.4531	1.06577	7.4531	0.9382764	0.633395	1.3899103
4.2356223	1.06577	7.4531	1.06577	7.4531	0.9401116	0.6344395	1.3930557
4.2497854	1.06577	7.4531	1.06577	7.4531	0.9383449	0.6344687	1.3877589
4.2639485	1.06577	7.4531	1.06577	7.4531	0.9330807	0.6330862	1.3752298
4.2781116	1.06577	7.4531	1.06577	7.4531	0.9246393	0.6299327	1.3572186
4.2922747	1.06577	7.4531	1.06577	7.4531	0.9134807	0.6247731	1.3356041
4.3064378	1.06577	7.4531	1.06577	7.4531	0.9000784	0.6175306	1.3119012
4.3206009	1.06577	7.4531	1.06577	7.4531	0.884975	0.6084186	1.2872427
4.3347639	1.06577	7.4531	1.06577	7.4531	0.8685821	0.5977734	1.2620727
4.348927	1.06577	7.4531	1.06577	7.4531	0.851235	0.5860347	1.2364462
4.3630901	1.06577	7.4531	1.06577	7.4531	0.8331953	0.5736579	1.2101558
4.3772532	1.06577	7.4531	1.06577	7.4531	0.8146595	0.5610536	1.182902
4.3914163	1.06577	7.4531	1.06577	7.4531	0.7957831	0.548553	1.1544369
4.4055794	1.06577	7.4531	1.06577	7.4531	0.776695	0.5363966	1.1246439
4.4197425	1.06577	7.4531	1.06577	7.4531	0.757517	0.5247435	1.0935489
4.4339056	1.06577	7.4531	1.06577	7.4531	0.7383719	0.5136894	1.0613291
4.4480687	1.06577	7.4531	1.06577	7.4531	0.7193928	0.5032845	1.0282997
4.4622318	1.06577	7.4531	1.06577	7.4531	0.7007199	0.493555	0.994842
4.4763948	1.06577	7.4531	1.06577	7.4531	0.6825045	0.4845171	0.9613984
4.4905579	1.06577	7.4531	1.06577	7.4531	0.6649024	0.4761835	0.928416
4.504721	1.06577	7.4531	1.06577	7.4531	0.6480706	0.4685737	0.8963285
4.5188841	1.06577	7.4531	1.06577	7.4531	0.6321631	0.4617151	0.8655342
4.5330472	1.06577	7.4531	1.06577	7.4531	0.6173333	0.455644	0.8363998
4.5472103	1.06577	7.4531	1.06577	7.4531	0.6037291	0.4504016	0.8092564
4.5613734	1.06577	7.4531	1.06577	7.4531	0.5914624	0.446011	0.7843515
4.5755365	1.06577	7.4531	1.06577	7.4531	0.5806412	0.4424983	0.7619139
4.5896996	1.06577	7.4531	1.06577	7.4531	0.5713543	0.4398755	0.7421354
4.6038627	1.06577	7.4531	1.06577	7.4531	0.5636721	0.4381377	0.7251777
4.6180258	1.06577	7.4531	1.06577	7.4531	0.5576421	0.4372629	0.7111649
4.6321888	1.06577	7.4531	1.06577	7.4531	0.5532883	0.4372103	0.7001872
4.6463519	1.06577	7.4531	1.06577	7.4531	0.5506096	0.4379302	0.6922841
4.660515	1.06577	7.4531	1.06577	7.4531	0.5495796	0.4393677	0.6874367
4.6746781	1.06577	7.4531	1.06577	7.4531	0.5501423	0.4414756	0.6855574
4.6888412	1.06577	7.4531	1.06577	7.4531	0.5522205	0.444218	0.6864827
4.7030043	1.06577	7.4531	1.06577	7.4531	0.5557068	0.4475705	0.6899695
4.7171674	1.06577	7.4531	1.06577	7.4531	0.5604738	0.4515259	0.6957106
4.7313305	1.06577	7.4531	1.06577	7.4531	0.5663796	0.4560795	0.7033556
4.7454936	1.06577	7.4531	1.06577	7.4531	0.5732661	0.4612194	0.7125312
4.7596567	1.06577	7.4531	1.06577	7.4531	0.5809693	0.4669213	0.722873
4.7738197	1.06577	7.4531	1.06577	7.4531	0.5893287	0.4731419	0.7340485
4.7879828	1.06577	7.4531	1.06577	7.4531	0.5981781	0.4798052	0.7457555
4.8021459	1.06577	7.4531	1.06577	7.4531	0.607359	0.4868153	0.7577523
4.816309	1.06577	7.4531	1.06577	7.4531	0.6167279	0.4940643	0.7698465
4.8304721	1.06577	7.4531	1.06577	7.4531	0.6261523	0.5014343	0.7818888
4.8446352	1.06577	7.4531	1.06577	7.4531	0.6355087	0.5088092	0.7937581
4.8587983	1.06577	7.4531	1.06577	7.4531	0.6446875	0.5160789	0.8053464
4.8729614	1.06577	7.4531	1.06577	7.4531	0.6535845	0.5231464	0.8165452
4.8871245	1.06577	7.4531	1.06577	7.4531	0.6621025	0.5299313	0.8272394
4.9012876	1.06577	7.4531	1.06577	7.4531	0.6701511	0.5363714	0.8372976
4.9154506	1.06577	7.4531	1.06577	7.4531	0.6776444	0.5424246	0.8465738
4.9296137	1.06577	7.4531	1.06577	7.4531	0.6845024	0.5480636	0.854907
4.9437768	1.06577	7.4531	1.06577	7.4531	0.6906497	0.5532764	0.862131
4.9579399	1.06577	7.4531	1.06577	7.4531	0.6960205	0.5580626	0.8680822
4.972103	1.06577	7.4531	1.06577	7.4531	0.7005591	0.5624277	0.8726138
4.9862661	1.06577	7.4531	1.06577	7.4531	0.7042223	0.5663811	0.8756089
5.0004292	1.06577	7.4531	1.06577	7.4531	0.7069826	0.5699295	0.8769946
5.0145923	1.06577	7.4531	1.06577	7.4531	0.7088204	0.5730643	0.8767362
5.0287554	1.06577	7.4531	1.06577	7.4531	0.7097553	0.5757727	0.874917
5.0429185	1.06577	7.4531	1.06577	7.4531	0.7098207	0.578016	0.8716807
5.0570815	1.06577	7.4531	1.06577	7.4531	0.7090632	0.5797303	0.8672508
5.0712446	1.06577	7.4531	1.06577	7.4531	0.7075488	0.5808174	0.8619336
5.0854077	1.06577	7.4531	1.06577	7.4531	0.7053527	0.5811564	0.8560918
5.0995708	1.06577	7.4531	1.06577	7.4531	0.7025581	0.5806052	0.8501267
5.1137339	1.06577	7.4531	1.06577	7.4531	0.6992512	0.5790214	0.8444456
5.127897	1.06577	7.4531	1.06577	7.4531	0.6955146	0.5762845	0.8394131
5.1420601	1.06577	7.4531	1.06577	7.4531	0.6914263	0.5723248	0.8353125
5.1562232	1.06577	7.4531	1.06577	7.4531	0.6870512	0.5671463	0.8323068
5.1703863	1.06577	7.4531	1.06577	7.4531	0.6824452	0.5608396	0.8304199
5.1845494	1.06577	7.4531	1.06577	7.4531	0.6776504	0.5535718	0.8295411
5.1987124	1.06577	7.4531	1.06577	7.4531	0.6726966	0.5455663	0.8294536
5.2128755	1.06577	7.4531	1.06577	7.4531	0.6676068	0.5370719	0.8298693
5.2270386	1.06577	7.4531	1.06577	7.4531	0.6623945	0.5283322	0.8304739
5.2412017	1.06577	7.4531	1.06577	7.4531	0.657072	0.519569	0.8309652
5.2553648	1.06577	7.4531	1.06577	7.4531	0.6516543	0.5109732	0.8310691
5.2695279	1.06577	7.4531	1.06577	7.4531	0.6461626	0.5026897	0.8305852
5.283691	1.06577	7.4531	1.06577	7.4531	0.6406225	0.4948303	0.8293715
5.2978541	1.06577	7.4531	1.06577	7.4531	0.6350695	0.4874796	0.8273446
5.3120172	1.06577	7.4531	1.06577	7.4531	0.6295446	0.4807072	0.8244667
5.3261803	1.06577	7.4531	1.06577	7.4531	0.6240973	0.4745737	0.820732
5.3403433	1.06577	7.4531	1.06577	7.4531	0.6187796	0.469137	0.8161537
5.3545064	1.06577	7.4531	1.06577	7.4531	0.6136458	0.4644573	0.8107561
5.3686695	1.06577	7.4531	1.06577	7.4531	0.6087536	0.4605945	0.8045717
5.3828326	1.06577	7.4531	1.06577	7.4531	0.6041582	0.4576075	0.7976417
5.3969957	1.06577	7.4531	1.06577	7.4531	0.5999107	0.4555504	0.7900197
5.4111588	1.06577	7.4531	1.06577	7.4531	0.5960623	0.454466	0.7817759
5.4253219	1.06577	7.4531	1.06577	7.4531	0.5926517	0.4543832	0.772996
5.439485	1.06577	7.4531	1.06577	7.4531	0.5897203	0.4553112	0.7638076
5.4536481	1.06577	7.4531	1.06577	7.4531	0.5872893	0.4572336	0.7543409
5.4678112	1.06577	7.4531	1.06577	7.4531	0.5853748	0.4601052	0.7447525
5.4819742	1.06577	7.4531	1.06577	7.4531	0.5839816	0.4638539	0.7352208
5.4961373	1.06577	7.4531	1.06577	7.4531	0.5830982	0.4683608	0.7259459
5.5103004	1.06577	7.4531	1.06577	7.4531	0.5826934	0.4734561	0.7171374
5.5244635	1.06577	7.4531	1.06577	7.4531	0.5827267	0.4789296	0.709024
5.5386266	1.06577	7.4531	1.06577	7.4531	0.5831462	0.484519	0.701852
5.5527897	1.06577	7.4531	1.06577	7.4531	0.5838847	0.489914	0.6958841
5.5669528	1.06577	7.4531	1.06577	7.4531	0.5848707	0.4947664	0.6913863
5.5811159	1.06577	7.4531	1.06577	7.4531	0.5860234	0.4987235	0.6886058
5.595279	1.06577	7.4531	1.06577	7.4531	0.5872606	0.5014674	0.6877308
5.6094421	1.06577	7.4531	1.06577	7.4531	0.5885022	0.5027751	0.6888457
5.6236052	1.06577	7.4531	1.06577	7.4531	0.5896735	0.5025506	0.6919014
5.6377682	1.06577	7.4531	1.06577	7.4531	0.590713	0.5008413	0.6967143
5.6519313	1.06577	7.4531	1.06577	7.4531	0.5915734	0.4978055	0.7030059
5.6660944	1.06577	7.4531	1.06577	7.4531	0.592226	0.4936736	0.7104555
5.6802575	1.06577	7.4531	1.06577	7.4531	0.592664	0.4886984	0.7187499
5.6944206	1.06577	7.4531	1.06577	7.4531	0.5929026	0.4831309	0.7276177
5.7085837	1.06577	7.4531	1.06577	7.4531	0.5929779	0.4772007	0.7368447
5.7227468	1.06577	7.4531	1.06577	7.4531	0.5929451	0.4711166	0.7462792
5.7369099	1.06577	7.4531	1.06577	7.4531	0.5928774	0.4650617	0.7558241
5.751073	1.06577	7.4531	1.06577	7.4531	0.5928572	0.459193	0.7654329
5.7652361	1.06577	7.4531	1.06577	7.4531	0.5929709	0.4536389	0.7751024
5.7793991	1.06577	7.4531	1.06577	7.4531	0.5933072	0.448508	0.78486
5.7935622	1.06577	7.4531	1.06577	7.4531	0.5939483	0.4438792	0.7947607
5.8077253	1.06577	7.4531	1.06577	7.4531	0.5949687	0.4398136	0.8048658
5.8218884	1.06577	7.4531	1.06577	7.4531	0.5964296	0.436345	0.8152511
5.8360515	1.06577	7.4531	1.06577	7.4531	0.5983784	0.4334859	0.8259979
5.8502146	1.06577	7.4531	1.06577	7.4531	0.6008432	0.4312282	0.8371764
5.8643777	1.06577	7.4531	1.06577	7.4531	0.6038355	0.4295483	0.8488429
5.8785408	1.06577	7.4531	1.06577	7.4531	0.6073483	0.4284087	0.8610316
5.8927039	1.06577	7.4531	1.06577	7.4531	0.6113537	0.4277628	0.8737418
5.906867	1.06577	7.4531	1.06577	7.4531	0.6158078	0.4275614	0.8869383
5.92103	1.06577	7.4531	1.06577	7.4531	0.620651	0.4277517	0.9005397
5.9351931	1.06577	7.4531	1.06577	7.4531	0.6258088	0.4282863	0.9144259
5.9493562	1.06577	7.4531	1.06577	7.4531	0.6311963	0.4291202	0.928432
5.9635193	1.06577	7.4531	1.06577	7.4531	0.6367241	0.4302165	0.942356
5.9776824	1.06577	7.4531	1.06577	7.4531	0.6422911	0.4315364	0.9559749
5.9918455	1.06577	7.4531	1.06577	7.4531	0.6478024	0.4330485	0.9690543
6.0060086	1.06577	7.4531	1.06577	7.4531	0.653165	0.4347247	0.9813668
6.0201717	1.06577	7.4531	1.06577	7.4531	0.6582919	0.4365357	0.9926987
6.0343348	1.06577	7.4531	1.06577	7.4531	0.6631061	0.4384543	1.0028602
6.0484979	1.06577	7.4531	1.06577	7.4531	0.6675374	0.4404503	1.0117072
6.0626609	1.06577	7.4531	1.06577	7.4531	0.6715269	0.4424933	1.0191106
6.076824	1.06577	7.4531	1.06577	7.4531	0.6750249	0.4445509	1.0249899
6.0909871	1.06577	7.4531	1.06577	7.4531	0.6779891	0.4465913	1.0292805
6.1051502	1.06577	7.4531	1.06577	7.4531	0.6803845	0.4485829	1.031966
6.1193133	1.06577	7.4531	1.06577	7.4531	0.6821813	0.4504962	1.0330157
6.1334764	1.06577	7.4531	1.06577	7.4531	0.6833522	0.4523037	1.0324272
6.1476395	1.06577	7.4531	1.06577	7.4531	0.6838738	0.4539819	1.0301841
6.1618026	1.06577	7.4531	1.06577	7.4531	0.6837235	0.455511	1.0262749
6.1759657	1.06577	7.4531	1.06577	7.4531	0.6828786	0.4568721	1.0206881
6.1901288	1.06577	7.4531	1.06577	7.4531	0.6813214	0.4580479	1.0134249
6.2042918	1.06577	7.4531	1.06577	7.4531	0.6790297	0.4590231	1.0044868
6.2184549	1.06577	7.4531	1.06577	7.4531	0.6760047	0.4597833	0.993908
6.232618	1.06577	7.4531	1.06577	7.4531	0.6722454	0.4603133	0.981756
6.2467811	1.06577	7.4531	1.06577	7.4531	0.6677628	0.4605929	0.9681179
6.2609442	1.06577	7.4531	1.06577	7.4531	0.6625781	0.4606043	0.9531201
6.2751073	1.06577	7.4531	1.06577	7.4531	0.6567262	0.460328	0.9369213
6.2892704	1.06577	7.4531	1.06577	7.4531	0.6502551	0.4597484	0.9197071
6.3034335	1.06577	7.4531	1.06577	7.4531	0.643228	0.4588576	0.9016827
6.3175966	1.06577	7.4531	1.06577	7.4531	0.6357175	0.4576573	0.8830593
6.3317597	1.06577	7.4531	1.06577	7.4531	0.6278081	0.4561635	0.8640442
6.3459227	1.06577	7.4531	1.06577	7.4531	0.6195936	0.4544071	0.8448325
6.3600858	1.06577	7.4531	1.06577	7.4531	0.6111717	0.4524361	0.8256029
6.3742489	1.06577	7.4531	1.06577	7.4531	0.6026444	0.4503121	0.8065126
6.388412	1.06577	7.4531	1.06577	7.4531	0.5941141	0.4481066	0.787697
6.4025751	1.06577	7.4531	1.06577	7.4531	0.5856794	0.4458996	0.7692767
6.4167382	1.06577	7.4531	1.06577	7.4531	0.5774347	0.4437723	0.751357
6.4309013	1.06577	7.4531	1.06577	7.4531	0.5694722	0.441801	0.734038
6.4450644	1.06577	7.4531	1.06577	7.4531	0.561871	0.4400556	0.717407
6.4592275	1.06577	7.4531	1.06577	7.4531	0.5546972	0.4385933	0.7015388
6.4733906	1.06577	7.4531	1.06577	7.4531	0.5480105	0.4374583	0.6865044
6.4875536	1.06577	7.4531	1.06577	7.4531	0.5418573	0.4366811	0.6723686
6.5017167	1.06577	7.4531	1.06577	7.4531	0.5362744	0.4362813	0.6591889
6.5158798	1.06577	7.4531	1.06577	7.4531	0.5312875	0.4362635	0.6470126
6.5300429	1.06577	7.4531	1.06577	7.4531	0.5269139	0.4366222	0.6358807
6.544206	1.06577	7.4531	1.06577	7.4531	0.5231595	0.4373415	0.6258199
6.5583691	1.06577	7.4531	1.06577	7.4531	0.5200289	0.4383906	0.6168726
6.5725322	1.06577	7.4531	1.06577	7.4531	0.5175123	0.4397296	0.6090559
6.5866953	1.06577	7.4531	1.06577	7.4531	0.5155955	0.4413058	0.6023928
6.6008584	1.06577	7.4531	1.06577	7.4531	0.5142586	0.4430525	0.5969098
6.6150215	1.06577	7.4531	1.06577	7.4531	0.5134766	0.4448917	0.5926337
6.6291845	1.06577	7.4531	1.06577	7.4531	0.5132178	0.4467351	0.5895947
6.6433476	1.06577	7.4531	1.06577	7.4531	0.5134469	0.4484846	0.5878195
6.6575107	1.06577	7.4531	1.06577	7.4531	0.5141243	0.4500477	0.5873251
6.6716738	1.06577	7.4531	1.06577	7.4531	0.51521	0.4513336	0.5881272
6.6858369	1.06577	7.4531	1.06577	7.4531	0.51665	0.4522777	0.5901836
6.7	1.06577	7.4531	1.06577	7.4531	0.5183914	0.4528441	0.593426
6.7141631	1.06577	7.4531	1.06577	7.4531	0.5203785	0.4530212	0.5977509
6.7283262	1.06577	7.4531	1.06577	7.4531	0.5225543	0.4528246	0.6030224
6.7424893	1.06577	7.4531	1.06577	7.4531	0.5248592	0.4522859	0.6090794
6.7566524	1.06577	7.4531	1.06577	7.4531	0.5272336	0.451451	0.6157391
6.7708155	1.06577	7.4531	1.06577	7.4531	0.5296166	0.4503684	0.6228115
6.7849785	1.06577	7.4531	1.06577	7.4531	0.5319486	0.4490875	0.6301013
6.7991416	1.06577	7.4531	1.06577	7.4531	0.534172	0.4476532	0.6374145
6.8133047	1.06577	7.4531	1.06577	7.4531	0.5362291	0.4461062	0.6445602
6.8274678	1.06577	7.4531	1.06577	7.4531	0.5380661	0.4444817	0.6513565
6.8416309	1.06577	7.4531	1.06577	7.4531	0.5396339	0.4428111	0.6576288
6.855794	1.06577	7.4531	1.06577	7.4531	0.5408856	0.4411195	0.6632174
6.8699571	1.06577	7.4531	1.06577	7.4531	0.5417808	0.4394254	0.6679776
6.8841202	1.06577	7.4531	1.06577	7.4531	0.5422835	0.437745	0.671786
6.8982833	1.06577	7.4531	1.06577	7.4531	0.5423641	0.4360883	0.6745396
6.9124464	1.06577	7.4531	1.06577	7.4531	0.5419954	0.4344583	0.6761505
6.9266094	1.06577	7.4531	1.06577	7.4531	0.5411693	0.4328498	0.6765952
6.9407725	1.06577	7.4531	1.06577	7.4531	0.5398803	0.4312544	0.6758682
6.9549356	1.06577	7.4531	1.06577	7.4531	0.5381319	0.429655	0.6739971
6.9690987	1.06577	7.4531	1.06577	7.4531	0.5359335	0.4280269	0.671044
6.9832618	1.06577	7.4531	1.06577	7.4531	0.5333016	0.4263398	0.6670995
6.9974249	1.06577	7.4531	1.06577	7.4531	0.530261	0.4245568	0.6622834
7.011588	1.06577	7.4531	1.06577	7.4531	0.52684	0.4226385	0.6567325
7.0257511	1.06577	7.4531	1.06577	7.4531	0.5230724	0.4205416	0.6506012
7.0399142	1.06577	7.4531	1.06577	7.4531	0.5189945	0.4182206	0.6440505
7.0540773	1.06577	7.4531	1.06577	7.4531	0.5146456	0.4156334	0.6372448
7.0682403	1.06577	7.4531	1.06577	7.4531	0.5100665	0.4127398	0.6303428
7.0824034	1.06577	7.4531	1.06577	7.4531	0.5052979	0.4095082	0.6234938
7.0965665	1.06577	7.4531	1.06577	7.4531	0.5003809	0.4059138	0.6168323
7.1107296	1.06577	7.4531	1.06577	7.4531	0.4953559	0.401948	0.6104704
7.1248927	1.06577	7.4531	1.06577	7.4531	0.4902618	0.3976122	0.6045005
7.1390558	1.06577	7.4531	1.06577	7.4531	0.4851378	0.392925	0.5989897
7.1532189	1.06577	7.4531	1.06577	7.4531	0.4800194	0.3879203	0.593984
7.167382	1.06577	7.4531	1.06577	7.4531	0.4749423	0.3826498	0.5894962
7.1815451	1.06577	7.4531	1.06577	7.4531	0.4699393	0.3771735	0.5855213
7.1957082	1.06577	7.4531	1.06577	7.4531	0.4650416	0.3715599	0.5820422
7.2098712	1.06577	7.4531	1.06577	7.4531	0.4602766	0.3658797	0.5790281
7.2240343	1.06577	7.4531	1.06577	7.4531	0.4556715	0.3602066	0.576439
7.2381974	1.06577	7.4531	1.06577	7.4531	0.4512518	0.3546109	0.574232
7.2523605	1.06577	7.4531	1.06577	7.4531	0.4470399	0.3491568	0.5723644
7.2665236	1.06577	7.4531	1.06577	7.4531	0.4430558	0.3439054	0.570793
7.2806867	1.06577	7.4531	1.06577	7.4531	0.4393186	0.3389077	0.569479
7.2948498	1.06577	7.4531	1.06577	7.4531	0.4358415	0.3342053	0.5683877
7.3090129	1.06577	7.4531	1.06577	7.4531	0.4326433	0.3298383	0.5674911
7.323176	1.06577	7.4531	1.06577	7.4531	0.4297339	0.3258324	0.5667673
7.3373391	1.06577	7.4531	1.06577	7.4531	0.4271206	0.3222056	0.5661977
7.3515021	1.06577	7.4531	1.06577	7.4531	0.4248112	0.3189695	0.5657731
7.3656652	1.06577	7.4531	1.06577	7.4531	0.4228084	0.3161293	0.5654868
7.3798283	1.06577	7.4531	1.06577	7.4531	0.4211169	0.3136879	0.5653391
7.3939914	1.06577	7.4531	1.06577	7.4531	0.4197348	0.3116353	0.5653323
7.4081545	1.06577	7.4531	1.06577	7.4531	0.4186556	0.3099592	0.5654701
7.4223176	1.06577	7.4531	1.06577	7.4531	0.4178731	0.3086441	0.5657588
7.4364807	1.06577	7.4531	1.06577	7.4531	0.4173783	0.3076709	0.5662038
7.4506438	1.06577	7.4531	1.06577	7.4531	0.4171595	0.3070205	0.5668092
7.4648069	1.06577	7.4531	1.06577	7.4531	0.4172039	0.3066696	0.567578
7.47897	1.06577	7.4531	1.06577	7.4531	0.4174947	0.3065941	0.5685098
7.493133	1.06577	7.4531	1.06577	7.4531	0.4180153	0.306771	0.5695998
7.5072961	1.06577	7.4531	1.06577	7.4531	0.4187458	0.3071742	0.5708414
7.5214592	1.06577	7.4531	1.06577	7.4531	0.4196642	0.3077793	0.5722218
7.5356223	1.06577	7.4531	1.06577	7.4531	0.4207485	0.3085606	0.5737256
7.5497854	1.06577	7.4531	1.06577	7.4531	0.4219746	0.3094944	0.5753348
7.5639485	1.06577	7.4531	1.06577	7.4531	0.4233181	0.3105549	0.5770271
7.5781116	1.06577	7.4531	1.06577	7.4531	0.4247537	0.3117187	0.5787784
7.5922747	1.06577	7.4531	1.06577	7.4531	0.4262565	0.3129622	0.5805631
7.6064378	1.06577	7.4531	1.06577	7.4531	0.4278012	0.3142636	0.5823557
7.6206009	1.06577	7.4531	1.06577	7.4531	0.4293629	0.3156021	0.5841292
7.6347639	1.06577	7.4531	1.06577	7.4531	0.4309185	0.3169551	0.5858589
7.648927	1.06577	7.4531	1.06577	7.4531	0.4324476	0.318306	0.5875192
7.6630901	1.06577	7.4531	1.06577	7.4531	0.4339302	0.3196382	0.5890896
7.6772532	1.06577	7.4531	1.06577	7.4531	0.4353491	0.3209365	0.5905489
7.6914163	1.06577	7.4531	1.06577	7.4531	0.4366897	0.3221895	0.5918804
7.7055794	1.06577	7.4531	1.06577	7.4531	0.4379405	0.3233879	0.5930712
7.7197425	1.06577	7.4531	1.06577	7.4531	0.4390943	0.3245248	0.5941098
7.7339056	1.06577	7.4531	1.06577	7.4531	0.440144	0.3255973	0.5949888
7.7480687	1.06577	7.4531	1.06577	7.4531	0.4410885	0.326603	0.5957044
7.7622318	1.06577	7.4531	1.06577	7.4531	0.441928	0.3275446	0.5962562
7.7763948	1.06577	7.4531	1.06577	7.4531	0.4426682	0.328426	0.5966481
7.7905579	1.06577	7.4531	1.06577	7.4531	0.4433147	0.3292551	0.5968869
7.804721	1.06577	7.4531	1.06577	7.4531	0.4438785	0.3300401	0.5969825
7.8188841	1.06577	7.4531	1.06577	7.4531	0.4443713	0.3307922	0.5969495
7.8330472	1.06577	7.4531	1.06577	7.4531	0.4448083	0.3315243	0.5968046
7.8472103	1.06577	7.4531	1.06577	7.4531	0.4452068	0.3322489	0.5965684
7.8613734	1.06577	7.4531	1.06577	7.4531	0.4455853	0.3329831	0.5962646
7.8755365	1.06577	7.4531	1.06577	7.4531	0.4459624	0.3337404	0.5959216
7.8896996	1.06577	7.4531	1.06577	7.4531	0.4463608	0.3345354	0.5955667
7.9038627	1.06577	7.4531	1.06577	7.4531	0.4467999	0.3353829	0.5952316
7.9180258	1.06577	7.4531	1.06577	7.4531	0.4473013	0.3362963	0.5949479
7.9321888	1.06577	7.4531	1.06577	7.4531	0.4478859	0.3372869	0.5947509
7.9463519	1.06577	7.4531	1.06577	7.4531	0.4485732	0.3383671	0.5946746
7.960515	1.06577	7.4531	1.06577	7.4531	0.4493831	0.339544	0.5947539
7.9746781	1.06577	7.4531	1.06577	7.4531	0.4503342	0.3408272	0.5950252
7.9888412	1.06577	7.4531	1.06577	7.4531	0.4514422	0.3422213	0.5955221
8.0030043	1.06577	7.4531	1.06577	7.4531	0.4527238	0.3437295	0.5962808
8.0171674	1.06577	7.4531	1.06577	7.4531	0.4541931	0.3453537	0.5973334
8.0313305	1.06577	7.4531	1.06577	7.4531	0.4558615	0.3470948	0.598712
8.0454936	1.06577	7.4531	1.06577	7.4531	0.4577414	0.3489509	0.6004478
8.0596567	1.06577	7.4531	1.06577	7.4531	0.4598389	0.3509187	0.602567
8.0738197	1.06577	7.4531	1.06577	7.4531	0.4621623	0.3529935	0.6050932
8.0879828	1.06577	7.4531	1.06577	7.4531	0.4647196	0.3551743	0.6080522
8.1021459	1.06577	7.4531	1.06577	7.4531	0.4675139	0.3574537	0.6114607
8.116309	1.06577	7.4531	1.06577	7.4531	0.4705451	0.3598282	0.6153286
8.1304721	1.06577	7.4531	1.06577	7.4531	0.4738143	0.3622934	0.6196632
8.1446352	1.06577	7.4531	1.06577	7.4531	0.4773186	0.3648444	0.6244664
8.1587983	1.06577	7.4531	1.06577	7.4531	0.4810566	0.3674794	0.6297369
8.1729614	1.06577	7.4531	1.06577	7.4531	0.4850237	0.3701971	0.6354677
8.1871245	1.06577	7.4531	1.06577	7.4531	0.4892151	0.372996	0.6416458
8.2012876	1.06577	7.4531	1.06577	7.4531	0.493623	0.3758762	0.6482546
8.2154506	1.06577	7.4531	1.06577	7.4531	0.498239	0.3788378	0.6552733
8.2296137	1.06577	7.4531	1.06577	7.4531	0.5030554	0.3818826	0.6626771
8.2437768	1.06577	7.4531	1.06577	7.4531	0.5080604	0.3850104	0.6704383
8.2579399	1.06577	7.4531	1.06577	7.4531	0.5132445	0.3882228	0.6785274
8.272103	1.06577	7.4531	1.06577	7.4531	0.5185938	0.3915196	0.6869116
8.2862661	1.06577	7.4531	1.06577	7.4531	0.5240948	0.3948982	0.6955597
8.3004292	1.06577	7.4531	1.06577	7.4531	0.5297352	0.3983582	0.7044391
8.3145923	1.06577	7.4531	1.06577	7.4531	0.5354973	0.4018925	0.713518
8.3287554	1.06577	7.4531	1.06577	7.4531	0.5413688	0.405498	0.7227661
8.3429185	1.06577	7.4531	1.06577	7.4531	0.5473302	0.4091631	0.7321533
8.3570815	1.06577	7.4531	1.06577	7.4531	0.5533638	0.4128776	0.7416516
8.3712446	1.06577	7.4531	1.06577	7.4531	0.5594522	0.4166278	0.7512372
8.3854077	1.06577	7.4531	1.06577	7.4531	0.5655757	0.4203989	0.7608862
8.3995708	1.06577	7.4531	1.06577	7.4531	0.5717151	0.4241721	0.770579
8.4137339	1.06577	7.4531	1.06577	7.4531	0.5778554	0.4279317	0.7803053
8.427897	1.06577	7.4531	1.06577	7.4531	0.5839682	0.4316502	0.7900353
8.4420601	1.06577	7.4531	1.06577	7.4531	0.5900363	0.4353086	0.7997613
8.4562232	1.06577	7.4531	1.06577	7.4531	0.5960398	0.4388841	0.80947
8.4703863	1.06577	7.4531	1.06577	7.4531	0.6019573	0.4423529	0.8191487
8.4845494	1.06577	7.4531	1.06577	7.4531	0.6077678	0.4456921	0.8287835
8.4987124	1.06577	7.4531	1.06577	7.4531	0.6134509	0.4488788	0.8383609
8.5128755	1.06577	7.4531	1.06577	7.4531	0.618985	0.4518919	0.8478646
8.5270386	1.06577	7.4531	1.06577	7.4531	0.62435	0.454711	0.8572766
8.5412017	1.06577	7.4531	1.06577	7.4531	0.6295241	0.4573184	0.8665755
8.5553648	1.06577	7.4531	1.06577	7.4531	0.6344872	0.4596971	0.8757387
8.5695279	1.06577	7.4531	1.06577	7.4531	0.6392164	0.4618314	0.8847346
8.583691	1.06577	7.4531	1.06577	7.4531	0.6436958	0.463713	0.8935348
8.5978541	1.06577	7.4531	1.06577	7.4531	0.6479063	0.4653354	0.9021062
8.6120172	1.06577	7.4531	1.06577	7.4531	0.6518305	0.4666937	0.9104128
8.6261803	1.06577	7.4531	1.06577	7.4531	0.6554546	0.4677846	0.9184161
8.6403433	1.06577	7.4531	1.06577	7.4531	0.6587627	0.4686089	0.9260779
8.6545064	1.06577	7.4531	1.06577	7.4531	0.6617435	0.4691703	0.9333589
8.6686695	1.06577	7.4531	1.06577	7.4531	0.6643871	0.4694739	0.9402237
8.6828326	1.06577	7.4531	1.06577	7.4531	0.6666856	0.4695256	0.9466374
8.6969957	1.06577	7.4531	1.06577	7.4531	0.6686347	0.4693335	0.9525697
8.7111588	1.06577	7.4531	1.06577	7.4531	0.6702328	0.4689082	0.9579974
8.7253219	1.06577	7.4531	1.06577	7.4531	0.6714818	0.4682597	0.9629008
8.739485	1.06577	7.4531	1.06577	7.4531	0.6723847	0.467399	0.9672694
8.7536481	1.06577	7.4531	1.06577	7.4531	0.6729494	0.4663379	0.9711004
8.7678112	1.06577	7.4531	1.06577	7.4531	0.6731876	0.4650879	0.9743991
8.7819742	1.06577	7.4531	1.06577	7.4531	0.6731115	0.4636596	0.9771788
8.7961373	1.06577	7.4531	1.06577	7.4531	0.6727369	0.4620642	0.9794613
8.8103004	1.06577	7.4531	1.06577	7.4531	0.6720799	0.4603128	0.9812714
8.8244635	1.06577	7.4531	1.06577	7.4531	0.6711666	0.4584174	0.9826535
8.8386266	1.06577	7.4531	1.06577	7.4531	0.6700189	0.4563869	0.9836512
8.8527897	1.06577	7.4531	1.06577	7.4531	0.6686601	0.4542315	0.9843145
8.8669528	1.06577	7.4531	1.06577	7.4531	0.6671143	0.4519587	0.9846955
8.8811159	1.06577	7.4531	1.06577	7.4531	0.6654072	0.4495783	0.9848501
8.895279	1.06577	7.4531	1.06577	7.4531	0.663563	0.4470964	0.9848354
8.9094421	1.06577	7.4531	1.06577	7.4531	0.6616055	0.4445206	0.9847076
8.9236052	1.06577	7.4531	1.06577	7.4531	0.6595587	0.4418564	0.9845231
8.9377682	1.06577	7.4531	1.06577	7.4531	0.6574435	0.4391112	0.9843338
8.9519313	1.06577	7.4531	1.06577	7.4531	0.6552792	0.4362899	0.9841881
8.9660944	1.06577	7.4531	1.06577	7.4531	0.653086	0.4333996	0.9841301
8.9802575	1.06577	7.4531	1.06577	7.4531	0.6508783	0.4304455	0.9841964
8.9944206	1.06577	7.4531	1.06577	7.4531	0.6486701	0.4274338	0.9844176
9.0085837	1.06577	7.4531	1.06577	7.4531	0.6464729	0.4243717	0.9848166
9.0227468	1.06577	7.4531	1.06577	7.4531	0.6442965	0.4212657	0.9854067
9.0369099	1.06577	7.4531	1.06577	7.4531	0.6421468	0.4181236	0.9861971
9.051073	1.06577	7.4531	1.06577	7.4531	0.6400283	0.4149541	0.9871845
9.0652361	1.06577	7.4531	1.06577	7.4531	0.6379444	0.4117681	0.9883557
9.0793991	1.06577	7.4531	1.06577	7.4531	0.6358945	0.4085739	0.9896929
9.0935622	1.06577	7.4531	1.06577	7.4531	0.6338794	0.4053826	0.9911709
9.1077253	1.06577	7.4531	1.06577	7.4531	0.6318949	0.4022056	0.9927562
9.1218884	1.06577	7.4531	1.06577	7.4531	0.6299392	0.3990535	0.9944133
9.1360515	1.06577	7.4531	1.06577	7.4531	0.6280087	0.3959379	0.9961028
9.1502146	1.06577	7.4531	1.06577	7.4531	0.6260973	0.3928695	0.9977823
9.1643777	1.06577	7.4531	1.06577	7.4531	0.6242011	0.3898568	0.9994125
9.1785408	1.06577	7.4531	1.06577	7.4531	0.6223182	0.3869122	1.0009501
9.1927039	1.06577	7.4531	1.06577	7.4531	0.6204431	0.3840428	1.0023599
9.206867	1.06577	7.4531	1.06577	7.4531	0.6185736	0.3812543	1.0036168
9.22103	1.06577	7.4531	1.06577	7.4531	0.6167073	0.3785525	1.0046907
9.2351931	1.06577	7.4531	1.06577	7.4531	0.614843	0.3759414	1.0055591
9.2493562	1.06577	7.4531	1.06577	7.4531	0.6129816	0.3734214	1.006228
9.2635193	1.06577	7.4531	1.06577	7.4531	0.6111239	0.3709945	1.0066814
9.2776824	1.06577	7.4531	1.06577	7.4531	0.6092739	0.36866	1.006925
9.2918455	1.06577	7.4531	1.06577	7.4531	0.6074334	0.3664132	1.00699
9.3060086	1.06577	7.4531	1.06577	7.4531	0.6056085	0.3642502	1.0068936
9.3201717	1.06577	7.4531	1.06577	7.4531	0.6038057	0.3621659	1.0066699
9.3343348	1.06577	7.4531	1.06577	7.4531	0.6020294	0.3601551	1.0063422
9.3484979	1.06577	7.4531	1.06577	7.4531	0.6002878	0.3582108	1.0059599
9.3626609	1.06577	7.4531	1.06577	7.4531	0.5985882	0.3563263	1.0055619
9.376824	1.06577	7.4531	1.06577	7.4531	0.5969378	0.3544965	1.0051845
9.3909871	1.06577	7.4531	1.06577	7.4531	0.595344	0.3527144	1.0048788
9.4051502	1.06577	7.4531	1.06577	7.4531	0.5938135	0.3509753	1.0046712
9.4193133	1.06577	7.4531	1.06577	7.4531	0.5923533	0.3492743	1.0046035
9.4334764	1.06577	7.4531	1.06577	7.4531	0.5909693	0.347609	1.004702
9.4476395	1.06577	7.4531	1.06577	7.4531	0.5896657	0.3459757	1.0050009
9.4618026	1.06577	7.4531	1.06577	7.4531	0.5884464	0.3443743	1.0055066
9.4759657	1.06577	7.4531	1.06577	7.4531	0.5873155	0.3428059	1.0062214
9.4901288	1.06577	7.4531	1.06577	7.4531	0.5862739	0.3412706	1.0071696
9.5042918	1.06577	7.4531	1.06577	7.4531	0.5853218	0.3397711	1.008335
9.5184549	1.06577	7.4531	1.06577	7.4531	0.5844603	0.3383126	1.0097005
9.532618	1.06577	7.4531	1.06577	7.4531	0.5836848	0.3368982	1.0112463
9.5467811	1.06577	7.4531	1.06577	7.4531	0.5829928	0.3355352	1.0129525
9.5609442	1.06577	7.4531	1.06577	7.4531	0.5823793	0.3342289	1.0147738
9.5751073	1.06577	7.4531	1.06577	7.4531	0.5818387	0.3329851	1.0166672
9.5892704	1.06577	7.4531	1.06577	7.4531	0.5813635	0.331811	1.0186043
9.6034335	1.06577	7.4531	1.06577	7.4531	0.580948	0.3307134	1.020523
9.6175966	1.06577	7.4531	1.06577	7.4531	0.5805824	0.3296992	1.0223786
9.6317597	1.06577	7.4531	1.06577	7.4531	0.5802596	0.3287749	1.0241065
9.6459227	1.06577	7.4531	1.06577	7.4531	0.5799703	0.3279464	1.0256722
9.6600858	1.06577	7.4531	1.06577	7.4531	0.5797054	0.3272194	1.0270144
9.6742489	1.06577	7.4531	1.06577	7.4531	0.5794589	0.3266008	1.0280838
9.688412	1.06577	7.4531	1.06577	7.4531	0.5792207	0.326094	1.0288381
9.7025751	1.06577	7.4531	1.06577	7.4531	0.5789839	0.3257033	1.0292293
9.7167382	1.06577	7.4531	1.06577	7.4531	0.5787428	0.325433	1.0292247
9.7309013	1.06577	7.4531	1.06577	7.4531	0.5784912	0.325286	1.0287957
9.7450644	1.06577	7.4531	1.06577	7.4531	0.5782244	0.3252668	1.0279025
9.7592275	1.06577	7.4531	1.06577	7.4531	0.5779386	0.3253757	1.0265446
9.7733906	1.06577	7.4531	1.06577	7.4531	0.5776313	0.3256162	1.0246981
9.7875536	1.06577	7.4531	1.06577	7.4531	0.5773014	0.3259864	1.0223627
9.8017167	1.06577	7.4531	1.06577	7.4531	0.576949	0.3264899	1.0195384
9.8158798	1.06577	7.4531	1.06577	7.4531	0.576574	0.3271252	1.016242
9.8300429	1.06577	7.4531	1.06577	7.4531	0.5761777	0.3278928	1.0124655
9.844206	1.06577	7.4531	1.06577	7.4531	0.5757641	0.3287927	1.0082501
9.8583691	1.06577	7.4531	1.06577	7.4531	0.5753361	0.3298244	1.0035972
9.8725322	1.06577	7.4531	1.06577	7.4531	0.5748983	0.3309867	0.9985547
9.8866953	1.06577	7.4531	1.06577	7.4531	0.5744546	0.3322787	0.9931381
9.9008584	1.06577	7.4531	1.06577	7.4531	0.5740108	0.3336992	0.9873832
9.9150215	1.06577	7.4531	1.06577	7.4531	0.5735732	0.3352471	0.981324
9.9291845	1.06577	7.4531	1.06577	7.4531	0.5731464	0.3369199	0.9750015
9.9433476	1.06577	7.4531	1.06577	7.4531	0.5727367	0.3387149	0.9684502
9.9575107	1.06577	7.4531	1.06577	7.4531	0.572351	0.34063	0.9617056
9.9716738	1.06577	7.4531	1.06577	7.4531	0.5719936	0.3426635	0.954805
9.9858369	1.06577	7.4531	1.06577	7.4531	0.5716705	0.3448129	0.9477838
10	1.06577	7.4531	1.06577	7.4531	0.5713875	0.3470782	0.9406656
