0.1	1.37236	3.6791	1.37236	3.6791	1.21585	0.606121	2.43892
0.1141631	1.37236	3.6791	1.37236	3.6791	1.2195458	0.6286867	2.3663195
0.1283262	1.37236	3.6791	1.37236	3.6791	1.2273911	0.6699787	2.2485616
0.1424893	1.37236	3.6791	1.37236	3.6791	1.2851124	0.6739204	2.4506285
0.1566524	1.37236	3.6791	1.37236	3.6791	1.2119407	0.6945859	2.1179397
0.1708155	1.37236	3.6791	1.37236	3.6791	1.1716188	0.6849565	2.005671
0.1849785	1.37236	3.6791	1.37236	3.6791	1.0763106	0.594097	1.9502732
0.1991416	1.37236	3.6791	1.37236	3.6791	1.2037499	0.7009644	2.0679357
0.2133047	1.37236	3.6791	1.37236	3.6791	1.2719692	0.8058797	2.008018
0.2274678	1.37236	3.6791	1.37236	3.6791	1.2069864	0.8095218	1.7998658
0.2416309	1.37236	3.6791	1.37236	3.6791	1.1502627	0.8310332	1.5921712
0.255794	1.37236	3.6791	1.37236	3.6791	1.2078139	0.7737516	1.8857979
0.2699571	1.37236	3.6791	1.37236	3.6791	1.3577991	0.7990768	2.3071814
0.2841202	1.37236	3.6791	1.37236	3.6791	1.4551282	0.9434203	2.244901
0.2982833	1.37236	3.6791	1.37236	3.6791	1.3575776	1.0299395	1.7922345
0.3124464	1.37236	3.6791	1.37236	3.6791	1.2174911	1.0819892	1.3701198
0.3266094	1.37236	3.6791	1.37236	3.6791	1.2412423	1.007041	1.5309273
0.3407725	1.37236	3.6791	1.37236	3.6791	1.2796156	0.9595162	1.7067022
0.3549356	1.37236	3.6791	1.37236	3.6791	1.3261421	0.9489949	1.853952
0.3690987	1.37236	3.6791	1.37236	3.6791	1.4321545	0.9302691	2.2052455
0.3832618	1.37236	3.6791	1.37236	3.6791	1.5703582	0.9459742	2.6094828
0.3974249	1.37236	3.6791	1.37236	3.6791	1.5842271	0.8419964	2.9841537
0.411588	1.37236	3.6791	1.37236	3.6791	1.4907162	0.7152389	3.1071868
0.4257511	1.37236	3.6791	1.37236	3.6791	1.3403807	0.6544445	2.7456293
0.4399142	1.37236	3.6791	1.37236	3.6791	1.1727337	0.5795863	2.3732415
0.4540773	1.37236	3.6791	1.37236	3.6791	1.0852646	0.4964971	2.3731794
0.4682403	1.37236	3.6791	1.37236	3.6791	1.2207729	0.5198895	2.8665369
0.4824034	1.37236	3.6791	1.37236	3.6791	1.6232624	0.7256673	3.6320785
0.4965665	1.37236	3.6791	1.37236	3.6791	2.1751918	1.0596922	4.4650771
0.5107296	1.37236	3.6791	1.37236	3.6791	2.405987	1.2819824	4.5159809
0.5248927	1.37236	3.6791	1.37236	3.6791	2.299238	1.3452412	3.9302634
0.5390558	1.37236	3.6791	1.37236	3.6791	2.1231785	1.2984155	3.4720521
0.5532189	1.37236	3.6791	1.37236	3.6791	1.9302301	1.1722084	3.1787534
0.567382	1.37236	3.6791	1.37236	3.6791	1.8206343	1.0056745	3.2979682
0.5815451	1.37236	3.6791	1.37236	3.6791	1.7766893	0.8923544	3.5392793
0.5957082	1.37236	3.6791	1.37236	3.6791	1.8383248	0.8409327	4.0202936
0.6098712	1.37236	3.6791	1.37236	3.6791	1.9126124	0.8686222	4.2125495
0.6240343	1.37236	3.6791	1.37236	3.6791	1.8605939	0.9372758	3.6963883
0.6381974	1.37236	3.6791	1.37236	3.6791	1.7790147	0.9451845	3.3484533
0.6523605	1.37236	3.6791	1.37236	3.6791	1.7557352	0.8969131	3.4376221
0.6665236	1.37236	3.6791	1.37236	3.6791	1.7519628	0.8628762	3.5571527
0.6806867	1.37236	3.6791	1.37236	3.6791	1.7496491	0.8897209	3.4413718
0.6948498	1.37236	3.6791	1.37236	3.6791	1.7931421	0.9799435	3.2823228
0.7090129	1.37236	3.6791	1.37236	3.6791	1.9155162	1.1581271	3.1692413
0.723176	1.37236	3.6791	1.37236	3.6791	2.0423945	1.3432372	3.1055706
0.7373391	1.37236	3.6791	1.37236	3.6791	2.0034414	1.3725136	2.9244029
0.7515021	1.37236	3.6791	1.37236	3.6791	1.8790735	1.3499077	2.6157421
0.7656652	1.37236	3.6791	1.37236	3.6791	1.8902432	1.402046	2.5484689
0.7798283	1.37236	3.6791	1.37236	3.6791	2.0916299	1.548349	2.825544
0.7939914	1.37236	3.6791	1.37236	3.6791	2.3971271	1.7214299	3.3382416
0.8081545	1.37236	3.6791	1.37236	3.6791	2.6402987	1.8450479	3.7783843
0.8223176	1.37236	3.6791	1.37236	3.6791	2.6824726	1.9109914	3.7658885
0.8364807	1.37236	3.6791	1.37236	3.6791	2.5399576	1.9522545	3.3064994
0.8506438	1.37236	3.6791	1.37236	3.6791	2.345158	1.984851	2.7723527
0.8648069	1.37236	3.6791	1.37236	3.6791	2.2160384	1.9928872	2.4643068
0.87897	1.37236	3.6791	1.37236	3.6791	2.1956035	2.0017716	2.4082192
0.893133	1.37236	3.6791	1.37236	3.6791	2.2611526	2.024369	2.5261969
0.9072961	1.37236	3.6791	1.37236	3.6791	2.3389987	1.9286336	2.8381139
0.9214592	1.37236	3.6791	1.37236	3.6791	2.3324825	1.7830494	3.0513485
0.9356223	1.37236	3.6791	1.37236	3.6791	2.2084695	1.6933755	2.8805627
0.9497854	1.37236	3.6791	1.37236	3.6791	2.0384488	1.659676	2.5038548
0.9639485	1.37236	3.6791	1.37236	3.6791	1.8963239	1.612557	2.2300352
0.9781116	1.37236	3.6791	1.37236	3.6791	1.8103728	1.5445307	2.1219604
0.9922747	1.37236	3.6791	1.37236	3.6791	1.7824049	1.4878572	2.1352928
1.0064378	1.37236	3.6791	1.37236	3.6791	1.8064668	1.4406691	2.2653279
1.0206009	1.37236	3.6791	1.37236	3.6791	1.8771814	1.3875747	2.5403072
1.0347639	1.37236	3.6791	1.37236	3.6791	1.9748731	1.327419	2.9394636
1.048927	1.37236	3.6791	1.37236	3.6791	2.0475611	1.2702475	3.301396
1.0630901	1.37236	3.6791	1.37236	3.6791	2.0509929	1.2091073	3.479468
1.0772532	1.37236	3.6791	1.37236	3.6791	1.9983098	1.1337606	3.522399
1.0914163	1.37236	3.6791	1.37236	3.6791	1.9305484	1.0668876	3.4934051
1.1055794	1.37236	3.6791	1.37236	3.6791	1.8777762	1.0331558	3.4128966
1.1197425	1.37236	3.6791	1.37236	3.6791	1.8531921	1.0296222	3.3355416
1.1339056	1.37236	3.6791	1.37236	3.6791	1.8615011	1.0423329	3.324453
1.1480687	1.37236	3.6791	1.37236	3.6791	1.9004304	1.0642068	3.3937378
1.1622318	1.37236	3.6791	1.37236	3.6791	1.9603983	1.0945938	3.51103
1.1763948	1.37236	3.6791	1.37236	3.6791	2.0354265	1.1304837	3.6647717
1.1905579	1.37236	3.6791	1.37236	3.6791	2.1356326	1.1651872	3.9144235
1.204721	1.37236	3.6791	1.37236	3.6791	2.2853088	1.198519	4.3576689
1.2188841	1.37236	3.6791	1.37236	3.6791	2.505583	1.2497899	5.0232909
1.2330472	1.37236	3.6791	1.37236	3.6791	2.7836223	1.3605986	5.694964
1.2472103	1.37236	3.6791	1.37236	3.6791	3.0642222	1.5759056	5.9592036
1.2613734	1.37236	3.6791	1.37236	3.6791	3.3056252	1.8980256	5.7607282
1.2755365	1.37236	3.6791	1.37236	3.6791	3.4979734	2.259818	5.4179558
1.2896996	1.37236	3.6791	1.37236	3.6791	3.6385807	2.5537381	5.1853701
1.3038627	1.37236	3.6791	1.37236	3.6791	3.7580224	2.6786858	5.2723496
1.3180258	1.37236	3.6791	1.37236	3.6791	3.9212437	2.6964423	5.7030775
1.3321888	1.37236	3.6791	1.37236	3.6791	4.1711438	2.7822583	6.253433
1.3463519	1.37236	3.6791	1.37236	3.6791	4.4738595	3.0030221	6.6654343
1.360515	1.37236	3.6791	1.37236	3.6791	4.7115935	3.2938862	6.7406739
1.3746781	1.37236	3.6791	1.37236	3.6791	4.7533485	3.5016286	6.4533124
1.3888412	1.37236	3.6791	1.37236	3.6791	4.5586232	3.4748675	5.9804436
1.4030043	1.37236	3.6791	1.37236	3.6791	4.2032532	3.2219907	5.4833617
1.4171674	1.37236	3.6791	1.37236	3.6791	3.8084532	2.9051108	4.9926757
1.4313305	1.37236	3.6791	1.37236	3.6791	3.4629836	2.6576407	4.5123925
1.4454936	1.37236	3.6791	1.37236	3.6791	3.1985954	2.5118236	4.0731582
1.4596567	1.37236	3.6791	1.37236	3.6791	3.0064248	2.4238073	3.7291074
1.4738197	1.37236	3.6791	1.37236	3.6791	2.8600253	2.3209871	3.5242625
1.4879828	1.37236	3.6791	1.37236	3.6791	2.7364182	2.1810967	3.4332001
1.5021459	1.37236	3.6791	1.37236	3.6791	2.6240105	2.0373638	3.3796719
1.516309	1.37236	3.6791	1.37236	3.6791	2.521297	1.917177	3.3158349
1.5304721	1.37236	3.6791	1.37236	3.6791	2.430516	1.823394	3.2398201
1.5446352	1.37236	3.6791	1.37236	3.6791	2.3516792	1.7440921	3.1709525
1.5587983	1.37236	3.6791	1.37236	3.6791	2.280899	1.6648964	3.1249006
1.5729614	1.37236	3.6791	1.37236	3.6791	2.2125359	1.5784515	3.1014908
1.5871245	1.37236	3.6791	1.37236	3.6791	2.1429694	1.4869098	3.0886555
1.6012876	1.37236	3.6791	1.37236	3.6791	2.0740265	1.3980894	3.0768955
1.6154506	1.37236	3.6791	1.37236	3.6791	2.0140648	1.320989	3.0708812
1.6296137	1.37236	3.6791	1.37236	3.6791	1.9755205	1.2634513	3.0889946
1.6437768	1.37236	3.6791	1.37236	3.6791	1.9701972	1.2317659	3.1513589
1.6579399	1.37236	3.6791	1.37236	3.6791	2.0047264	1.2308734	3.2651202
1.672103	1.37236	3.6791	1.37236	3.6791	2.077236	1.263229	3.4157752
1.6862661	1.37236	3.6791	1.37236	3.6791	2.1755185	1.3266833	3.5674482
1.7004292	1.37236	3.6791	1.37236	3.6791	2.2774274	1.4127677	3.6713211
1.7145923	1.37236	3.6791	1.37236	3.6791	2.3572295	1.5065808	3.6882973
1.7287554	1.37236	3.6791	1.37236	3.6791	2.3947803	1.5921519	3.6022776
1.7429185	1.37236	3.6791	1.37236	3.6791	2.3821616	1.6579808	3.4230229
1.7570815	1.37236	3.6791	1.37236	3.6791	2.3253236	1.698061	3.1847062
1.7712446	1.37236	3.6791	1.37236	3.6791	2.2397676	1.705416	2.9417783
1.7854077	1.37236	3.6791	1.37236	3.6791	2.1429109	1.6675351	2.7538206
1.7995708	1.37236	3.6791	1.37236	3.6791	2.0483891	1.5819537	2.6524239
1.8137339	1.37236	3.6791	1.37236	3.6791	1.9646286	1.4749532	2.6170576
1.827897	1.37236	3.6791	1.37236	3.6791	1.89673	1.3821496	2.6029843
1.8420601	1.37236	3.6791	1.37236	3.6791	1.848491	1.3234591	2.5818186
1.8562232	1.37236	3.6791	1.37236	3.6791	1.8228041	1.3014164	2.553089
1.8703863	1.37236	3.6791	1.37236	3.6791	1.8209901	1.3082744	2.5346609
1.8845494	1.37236	3.6791	1.37236	3.6791	1.8424043	1.3328368	2.5468028
1.8987124	1.37236	3.6791	1.37236	3.6791	1.8845439	1.36559	2.6007083
1.9128755	1.37236	3.6791	1.37236	3.6791	1.9428642	1.4004533	2.6953739
1.9270386	1.37236	3.6791	1.37236	3.6791	2.0105178	1.4327857	2.8211915
1.9412017	1.37236	3.6791	1.37236	3.6791	2.0782228	1.4570946	2.9641422
1.9553648	1.37236	3.6791	1.37236	3.6791	2.1354475	1.4681892	3.1059937
1.9695279	1.37236	3.6791	1.37236	3.6791	2.1716129	1.464142	3.2209823
1.983691	1.37236	3.6791	1.37236	3.6791	2.1770955	1.4475188	3.2744015
1.9978541	1.37236	3.6791	1.37236	3.6791	2.144807	1.4230782	3.232581
2.0120172	1.37236	3.6791	1.37236	3.6791	2.0726032	1.3938172	3.0820281
2.0261803	1.37236	3.6791	1.37236	3.6791	1.9655145	1.3586676	2.8435909
2.0403433	1.37236	3.6791	1.37236	3.6791	1.8356576	1.3127874	2.5669856
2.0545064	1.37236	3.6791	1.37236	3.6791	1.6989289	1.2508495	2.3076037
2.0686695	1.37236	3.6791	1.37236	3.6791	1.5706346	1.173782	2.1016641
2.0828326	1.37236	3.6791	1.37236	3.6791	1.4622223	1.0934926	1.95529
2.0969957	1.37236	3.6791	1.37236	3.6791	1.3799305	1.0262971	1.8554218
2.1111588	1.37236	3.6791	1.37236	3.6791	1.3251779	0.9815951	1.7890123
2.1253219	1.37236	3.6791	1.37236	3.6791	1.2955896	0.9585978	1.7510461
2.139485	1.37236	3.6791	1.37236	3.6791	1.2864751	0.9503602	1.741468
2.1536481	1.37236	3.6791	1.37236	3.6791	1.2920358	0.9490894	1.7588939
2.1678112	1.37236	3.6791	1.37236	3.6791	1.3060127	0.9497304	1.7959555
2.1819742	1.37236	3.6791	1.37236	3.6791	1.3219831	0.9506848	1.8383011
2.1961373	1.37236	3.6791	1.37236	3.6791	1.3343883	0.952343	1.8696946
2.2103004	1.37236	3.6791	1.37236	3.6791	1.3396027	0.9553667	1.8783801
2.2244635	1.37236	3.6791	1.37236	3.6791	1.3367168	0.9599628	1.861337
2.2386266	1.37236	3.6791	1.37236	3.6791	1.3273239	0.9658462	1.8241123
2.2527897	1.37236	3.6791	1.37236	3.6791	1.3144875	0.9723908	1.7769764
2.2669528	1.37236	3.6791	1.37236	3.6791	1.3014019	0.978708	1.7305258
2.2811159	1.37236	3.6791	1.37236	3.6791	1.2905232	0.9837714	1.6929337
2.295279	1.37236	3.6791	1.37236	3.6791	1.2833493	0.9867704	1.6690614
2.3094421	1.37236	3.6791	1.37236	3.6791	1.2807618	0.9876168	1.6609177
2.3236052	1.37236	3.6791	1.37236	3.6791	1.2834467	0.9873062	1.6684189
2.3377682	1.37236	3.6791	1.37236	3.6791	1.2920954	0.9879163	1.6899292
2.3519313	1.37236	3.6791	1.37236	3.6791	1.3071602	0.9919434	1.7225442
2.3660944	1.37236	3.6791	1.37236	3.6791	1.3285023	1.0010451	1.7630762
2.3802575	1.37236	3.6791	1.37236	3.6791	1.3551846	1.0149049	1.8095552
2.3944206	1.37236	3.6791	1.37236	3.6791	1.3856635	1.0310692	1.8622123
2.4085837	1.37236	3.6791	1.37236	3.6791	1.4181941	1.0460417	1.92277
2.4227468	1.37236	3.6791	1.37236	3.6791	1.4510847	1.0573817	1.9913737
2.4369099	1.37236	3.6791	1.37236	3.6791	1.4827774	1.0653149	2.0638556
2.451073	1.37236	3.6791	1.37236	3.6791	1.5115317	1.0724747	2.1303476
2.4652361	1.37236	3.6791	1.37236	3.6791	1.5352633	1.082466	2.1774729
2.4793991	1.37236	3.6791	1.37236	3.6791	1.5516092	1.0979915	2.1926493
2.4935622	1.37236	3.6791	1.37236	3.6791	1.5584906	1.1194739	2.1697229
2.5077253	1.37236	3.6791	1.37236	3.6791	1.5547034	1.1442828	2.1124401
2.5218884	1.37236	3.6791	1.37236	3.6791	1.5402803	1.1666675	2.0336553
2.5360515	1.37236	3.6791	1.37236	3.6791	1.5162725	1.1786536	1.9506586
2.5502146	1.37236	3.6791	1.37236	3.6791	1.4843	1.1725965	1.8788754
2.5643777	1.37236	3.6791	1.37236	3.6791	1.4460994	1.1453895	1.8257658
2.5785408	1.37236	3.6791	1.37236	3.6791	1.4032643	1.101072	1.7884141
2.5927039	1.37236	3.6791	1.37236	3.6791	1.3571238	1.0480548	1.757362
2.606867	1.37236	3.6791	1.37236	3.6791	1.3087967	0.9942941	1.7227983
2.62103	1.37236	3.6791	1.37236	3.6791	1.2592933	0.9450546	1.6780161
2.6351931	1.37236	3.6791	1.37236	3.6791	1.2095692	0.9030053	1.6202091
2.6493562	1.37236	3.6791	1.37236	3.6791	1.1606164	0.869024	1.5500535
2.6635193	1.37236	3.6791	1.37236	3.6791	1.1133128	0.8424019	1.4713497
2.6776824	1.37236	3.6791	1.37236	3.6791	1.0683279	0.8215793	1.3892064
2.6918455	1.37236	3.6791	1.37236	3.6791	1.0260646	0.8043323	1.3089377
2.7060086	1.37236	3.6791	1.37236	3.6791	0.986611	0.788194	1.2350027
2.7201717	1.37236	3.6791	1.37236	3.6791	0.9498658	0.7709866	1.1702625
2.7343348	1.37236	3.6791	1.37236	3.6791	0.915633	0.751349	1.1158403
2.7484979	1.37236	3.6791	1.37236	3.6791	0.8837801	0.7289333	1.0715255
2.7626609	1.37236	3.6791	1.37236	3.6791	0.854319	0.7041808	1.0364671
2.776824	1.37236	3.6791	1.37236	3.6791	0.827415	0.6779201	1.0098805
2.7909871	1.37236	3.6791	1.37236	3.6791	0.8033272	0.6511004	0.9911543
2.8051502	1.37236	3.6791	1.37236	3.6791	0.7823073	0.62469	0.9797085
2.8193133	1.37236	3.6791	1.37236	3.6791	0.7645653	0.5996845	0.9747962
2.8334764	1.37236	3.6791	1.37236	3.6791	0.7501178	0.5768889	0.975379
2.8476395	1.37236	3.6791	1.37236	3.6791	0.738816	0.5568759	0.9802091
2.8618026	1.37236	3.6791	1.37236	3.6791	0.7303267	0.5398907	0.9879371
2.8759657	1.37236	3.6791	1.37236	3.6791	0.7241793	0.525868	0.9972764
2.8901288	1.37236	3.6791	1.37236	3.6791	0.7198113	0.5144526	1.0071469
2.9042918	1.37236	3.6791	1.37236	3.6791	0.7166546	0.505083	1.0168542
2.9184549	1.37236	3.6791	1.37236	3.6791	0.714268	0.4971891	1.0261347
2.932618	1.37236	3.6791	1.37236	3.6791	0.7123821	0.490302	1.0350619
2.9467811	1.37236	3.6791	1.37236	3.6791	0.7109303	0.4841602	1.0439194
2.9609442	1.37236	3.6791	1.37236	3.6791	0.710037	0.4787505	1.0530672
2.9751073	1.37236	3.6791	1.37236	3.6791	0.7099628	0.474277	1.0627747
2.9892704	1.37236	3.6791	1.37236	3.6791	0.711026	0.4710639	1.0732253
3.0034335	1.37236	3.6791	1.37236	3.6791	0.7135126	0.4694528	1.0844568
3.0175966	1.37236	3.6791	1.37236	3.6791	0.7176098	0.4697151	1.096331
3.0317597	1.37236	3.6791	1.37236	3.6791	0.7233659	0.4720139	1.1085688
3.0459227	1.37236	3.6791	1.37236	3.6791	0.7306884	0.476388	1.120733
3.0600858	1.37236	3.6791	1.37236	3.6791	0.7393747	0.4827545	1.1324066
3.0742489	1.37236	3.6791	1.37236	3.6791	0.7491609	0.4909079	1.1432742
3.088412	1.37236	3.6791	1.37236	3.6791	0.7597617	0.5005206	1.1532758
3.1025751	1.37236	3.6791	1.37236	3.6791	0.7708871	0.5111543	1.1625986
3.1167382	1.37236	3.6791	1.37236	3.6791	0.7822252	0.5222874	1.1715336
3.1309013	1.37236	3.6791	1.37236	3.6791	0.7933985	0.5333665	1.1802048
3.1450644	1.37236	3.6791	1.37236	3.6791	0.8039474	0.5438923	1.1883473
3.1592275	1.37236	3.6791	1.37236	3.6791	0.8133241	0.5534592	1.1952097
3.1733906	1.37236	3.6791	1.37236	3.6791	0.8209276	0.5617524	1.1996846
3.1875536	1.37236	3.6791	1.37236	3.6791	0.8261776	0.5685251	1.200598
3.2017167	1.37236	3.6791	1.37236	3.6791	0.828585	0.5735626	1.1970011
3.2158798	1.37236	3.6791	1.37236	3.6791	0.8278485	0.5767236	1.1883276
3.2300429	1.37236	3.6791	1.37236	3.6791	0.8238802	0.5779774	1.174407
3.244206	1.37236	3.6791	1.37236	3.6791	0.8168278	0.5774708	1.1554012
3.2583691	1.37236	3.6791	1.37236	3.6791	0.8070608	0.5755616	1.1316788
3.2725322	1.37236	3.6791	1.37236	3.6791	0.7951431	0.5727846	1.1038308
3.2866953	1.37236	3.6791	1.37236	3.6791	0.7817662	0.5697658	1.0726596
3.3008584	1.37236	3.6791	1.37236	3.6791	0.767664	0.5671049	1.0391577
3.3150215	1.37236	3.6791	1.37236	3.6791	0.7535064	0.565246	1.0044753
3.3291845	1.37236	3.6791	1.37236	3.6791	0.7397934	0.564374	0.9697409
3.3433476	1.37236	3.6791	1.37236	3.6791	0.7267819	0.5643439	0.9359756
3.3575107	1.37236	3.6791	1.37236	3.6791	0.7144619	0.5646688	0.9039943
3.3716738	1.37236	3.6791	1.37236	3.6791	0.7025505	0.5646038	0.874207
3.3858369	1.37236	3.6791	1.37236	3.6791	0.6906053	0.563355	0.8466045
3.4	1.37236	3.6791	1.37236	3.6791	0.6781185	0.5602901	0.8207319
3.4141631	1.37236	3.6791	1.37236	3.6791	0.6646303	0.5550865	0.7957966
3.4283262	1.37236	3.6791	1.37236	3.6791	0.6498289	0.5477579	0.7709243
3.4424893	1.37236	3.6791	1.37236	3.6791	0.6336268	0.5385608	0.7454773
3.4566524	1.37236	3.6791	1.37236	3.6791	0.6161842	0.5278531	0.7192995
3.4708155	1.37236	3.6791	1.37236	3.6791	0.5978833	0.5159918	0.6927726
3.4849785	1.37236	3.6791	1.37236	3.6791	0.5792555	0.5032797	0.6667028
3.4991416	1.37236	3.6791	1.37236	3.6791	0.5608969	0.489957	0.6421078
3.5133047	1.37236	3.6791	1.37236	3.6791	0.5433722	0.4762306	0.6199801
3.5274678	1.37236	3.6791	1.37236	3.6791	0.5271527	0.4623205	0.601077
3.5416309	1.37236	3.6791	1.37236	3.6791	0.512577	0.448527	0.5857732
3.555794	1.37236	3.6791	1.37236	3.6791	0.4998269	0.4352473	0.5739881
3.5699571	1.37236	3.6791	1.37236	3.6791	0.488976	0.4229928	0.5652519
3.5841202	1.37236	3.6791	1.37236	3.6791	0.4799643	0.412262	0.5587849
3.5982833	1.37236	3.6791	1.37236	3.6791	0.4726721	0.4035253	0.5536673
3.6124464	1.37236	3.6791	1.37236	3.6791	0.4668995	0.3970998	0.5489674
3.6266094	1.37236	3.6791	1.37236	3.6791	0.4624695	0.3932004	0.5439421
3.6407725	1.37236	3.6791	1.37236	3.6791	0.459229	0.3919123	0.5381091
3.6549356	1.37236	3.6791	1.37236	3.6791	0.4570644	0.3932007	0.5313029
3.6690987	1.37236	3.6791	1.37236	3.6791	0.4558978	0.3969099	0.5236584
3.6832618	1.37236	3.6791	1.37236	3.6791	0.4556774	0.4027633	0.5155524
3.6974249	1.37236	3.6791	1.37236	3.6791	0.4563589	0.4103452	0.507544
3.711588	1.37236	3.6791	1.37236	3.6791	0.4578915	0.4190313	0.5003646
3.7257511	1.37236	3.6791	1.37236	3.6791	0.4602073	0.427848	0.4950193
3.7399142	1.37236	3.6791	1.37236	3.6791	0.4632217	0.435293	0.4929446
3.7540773	1.37236	3.6791	1.37236	3.6791	0.4668371	0.4396844	0.4956663
3.7682403	1.37236	3.6791	1.37236	3.6791	0.470945	0.4405667	0.503421
3.7824034	1.37236	3.6791	1.37236	3.6791	0.4754369	0.439131	0.5147476
3.7965665	1.37236	3.6791	1.37236	3.6791	0.480205	0.4367705	0.5279625
3.8107296	1.37236	3.6791	1.37236	3.6791	0.4851493	0.4343259	0.5419208
3.8248927	1.37236	3.6791	1.37236	3.6791	0.4901763	0.4322201	0.5559053
3.8390558	1.37236	3.6791	1.37236	3.6791	0.4952029	0.4306546	0.5694291
3.8532189	1.37236	3.6791	1.37236	3.6791	0.500161	0.4297018	0.5821763
3.867382	1.37236	3.6791	1.37236	3.6791	0.5050004	0.429355	0.5939754
3.8815451	1.37236	3.6791	1.37236	3.6791	0.5096925	0.4295161	0.604838
3.8957082	1.37236	3.6791	1.37236	3.6791	0.5142348	0.4299722	0.6150119
3.9098712	1.37236	3.6791	1.37236	3.6791	0.5186443	0.4303739	0.6250212
3.9240343	1.37236	3.6791	1.37236	3.6791	0.5229594	0.4302402	0.6356638
3.9381974	1.37236	3.6791	1.37236	3.6791	0.5272232	0.4290243	0.6479068
3.9523605	1.37236	3.6791	1.37236	3.6791	0.5314805	0.4262413	0.6627161
3.9665236	1.37236	3.6791	1.37236	3.6791	0.5357702	0.4216124	0.6808571
3.9806867	1.37236	3.6791	1.37236	3.6791	0.5401163	0.4151503	0.7027265
3.9948498	1.37236	3.6791	1.37236	3.6791	0.544532	0.4071452	0.7283107
4.0090129	1.37236	3.6791	1.37236	3.6791	0.5490223	0.3980733	0.7572427
4.023176	1.37236	3.6791	1.37236	3.6791	0.5535939	0.3884891	0.7888947
4.0373391	1.37236	3.6791	1.37236	3.6791	0.5582702	0.3789437	0.8224752
4.0515021	1.37236	3.6791	1.37236	3.6791	0.5630975	0.3699402	0.85711
4.0656652	1.37236	3.6791	1.37236	3.6791	0.5681592	0.3619354	0.8918932
4.0798283	1.37236	3.6791	1.37236	3.6791	0.573577	0.3553083	0.9259455
4.0939914	1.37236	3.6791	1.37236	3.6791	0.5795093	0.3503833	0.9584861
4.1081545	1.37236	3.6791	1.37236	3.6791	0.5861515	0.347448	0.9888643
4.1223176	1.37236	3.6791	1.37236	3.6791	0.5937268	0.3467605	1.0165922
4.1364807	1.37236	3.6791	1.37236	3.6791	0.6024758	0.3485509	1.0413904
4.1506438	1.37236	3.6791	1.37236	3.6791	0.6126473	0.3530228	1.06321
4.1648069	1.37236	3.6791	1.37236	3.6791	0.6244823	0.3603446	1.0822402
4.17897	1.37236	3.6791	1.37236	3.6791	0.6381965	0.3706456	1.0988827
4.193133	1.37236	3.6791	1.37236	3.6791	0.6539657	0.384006	1.1137264
4.2072961	1.37236	3.6791	1.37236	3.6791	0.6719041	0.4004465	1.1273983
4.2214592	1.37236	3.6791	1.37236	3.6791	0.692047	0.4199331	1.140518
4.2356223	1.37236	3.6791	1.37236	3.6791	0.7143378	0.4423798	1.1535147
4.2497854	1.37236	3.6791	1.37236	3.6791	0.7386189	0.4676741	1.1665607
4.2639485	1.37236	3.6791	1.37236	3.6791	0.7646337	0.4957033	1.1794832
4.2781116	1.37236	3.6791	1.37236	3.6791	0.7920411	0.5263781	1.1917996
4.2922747	1.37236	3.6791	1.37236	3.6791	0.8204401	0.5596533	1.2027486
4.3064378	1.37236	3.6791	1.37236	3.6791	0.8494353	0.5955843	1.2114986
4.3206009	1.37236	3.6791	1.37236	3.6791	0.8785773	0.6340834	1.2173729
4.3347639	1.37236	3.6791	1.37236	3.6791	0.9075583	0.6751406	1.220034
4.348927	1.37236	3.6791	1.37236	3.6791	0.936142	0.7186385	1.2195345
4.3630901	1.37236	3.6791	1.37236	3.6791	0.964192	0.7643103	1.216415
4.3772532	1.37236	3.6791	1.37236	3.6791	0.9916687	0.8116537	1.2116864
4.3914163	1.37236	3.6791	1.37236	3.6791	1.018611	0.8597827	1.2068443
4.4055794	1.37236	3.6791	1.37236	3.6791	1.0451075	0.907161	1.2040754
4.4197425	1.37236	3.6791	1.37236	3.6791	1.0712715	0.9511905	1.2065377
4.4339056	1.37236	3.6791	1.37236	3.6791	1.0972262	0.9880383	1.2184934
4.4480687	1.37236	3.6791	1.37236	3.6791	1.1230876	1.0139635	1.2439501
4.4622318	1.37236	3.6791	1.37236	3.6791	1.1489081	1.0282717	1.2837076
4.4763948	1.37236	3.6791	1.37236	3.6791	1.1747121	1.0338202	1.334835
4.4905579	1.37236	3.6791	1.37236	3.6791	1.2004864	1.0341599	1.3935845
4.504721	1.37236	3.6791	1.37236	3.6791	1.2261218	1.0317342	1.4571383
4.5188841	1.37236	3.6791	1.37236	3.6791	1.251467	1.0278833	1.5236998
4.5330472	1.37236	3.6791	1.37236	3.6791	1.2763086	1.0232349	1.5919772
4.5472103	1.37236	3.6791	1.37236	3.6791	1.3003632	1.0181015	1.6608872
4.5613734	1.37236	3.6791	1.37236	3.6791	1.3232977	1.0125799	1.7293831
4.5755365	1.37236	3.6791	1.37236	3.6791	1.3447683	1.006711	1.7963831
4.5896996	1.37236	3.6791	1.37236	3.6791	1.364411	1.0004753	1.860785
4.6038627	1.37236	3.6791	1.37236	3.6791	1.3818954	0.9938322	1.9215202
4.6180258	1.37236	3.6791	1.37236	3.6791	1.3969186	0.9867359	1.977645
4.6321888	1.37236	3.6791	1.37236	3.6791	1.4092526	0.9791337	2.028355
4.6463519	1.37236	3.6791	1.37236	3.6791	1.4187625	0.9709875	2.0730544
4.660515	1.37236	3.6791	1.37236	3.6791	1.4253666	0.9622963	2.111308
4.6746781	1.37236	3.6791	1.37236	3.6791	1.4290845	0.9531101	2.1427765
4.6888412	1.37236	3.6791	1.37236	3.6791	1.4299766	0.9435493	2.1671852
4.7030043	1.37236	3.6791	1.37236	3.6791	1.4281737	0.9338011	2.1842785
4.7171674	1.37236	3.6791	1.37236	3.6791	1.4238485	0.9240958	2.1938761
4.7313305	1.37236	3.6791	1.37236	3.6791	1.4172371	0.9147021	2.1958559
4.7454936	1.37236	3.6791	1.37236	3.6791	1.4086044	0.9059037	2.1902582
4.7596567	1.37236	3.6791	1.37236	3.6791	1.3982802	0.8979805	2.1773199
4.7738197	1.37236	3.6791	1.37236	3.6791	1.3866212	0.8912166	2.1574119
4.7879828	1.37236	3.6791	1.37236	3.6791	1.3740494	0.8858618	2.1312589
4.8021459	1.37236	3.6791	1.37236	3.6791	1.3609825	0.8821352	2.0997523
4.816309	1.37236	3.6791	1.37236	3.6791	1.3478512	0.8802391	2.0638892
4.8304721	1.37236	3.6791	1.37236	3.6791	1.3350807	0.8803534	2.0247062
4.8446352	1.37236	3.6791	1.37236	3.6791	1.3230512	0.8826353	1.9832411
4.8587983	1.37236	3.6791	1.37236	3.6791	1.3120885	0.8872252	1.9404328
4.8729614	1.37236	3.6791	1.37236	3.6791	1.3024804	0.8942411	1.8971208
4.8871245	1.37236	3.6791	1.37236	3.6791	1.2944336	0.9037774	1.8539941
4.9012876	1.37236	3.6791	1.37236	3.6791	1.288097	0.9159069	1.8115697
4.9154506	1.37236	3.6791	1.37236	3.6791	1.283538	0.9306653	1.7702479
4.9296137	1.37236	3.6791	1.37236	3.6791	1.2807564	0.9480526	1.7302667
4.9437768	1.37236	3.6791	1.37236	3.6791	1.2796975	0.9680151	1.6917806
4.9579399	1.37236	3.6791	1.37236	3.6791	1.2802483	0.9904352	1.6548977
4.972103	1.37236	3.6791	1.37236	3.6791	1.2822392	1.015119	1.6196782
4.9862661	1.37236	3.6791	1.37236	3.6791	1.2854593	1.0417545	1.5861839
5.0004292	1.37236	3.6791	1.37236	3.6791	1.2896701	1.0699211	1.5545543
5.0145923	1.37236	3.6791	1.37236	3.6791	1.2946239	1.0990397	1.5250415
5.0287554	1.37236	3.6791	1.37236	3.6791	1.3000342	1.1282372	1.4979987
5.0429185	1.37236	3.6791	1.37236	3.6791	1.3056062	1.1564021	1.474081
5.0570815	1.37236	3.6791	1.37236	3.6791	1.3110808	1.1819913	1.4542883
5.0712446	1.37236	3.6791	1.37236	3.6791	1.316204	1.2029424	1.4401329
5.0854077	1.37236	3.6791	1.37236	3.6791	1.3207443	1.2170661	1.4332493
5.0995708	1.37236	3.6791	1.37236	3.6791	1.3245293	1.2229419	1.4345558
5.1137339	1.37236	3.6791	1.37236	3.6791	1.3274286	1.2209666	1.4431875
5.127897	1.37236	3.6791	1.37236	3.6791	1.3293684	1.213107	1.4567854
5.1420601	1.37236	3.6791	1.37236	3.6791	1.3303263	1.2016581	1.4727815
5.1562232	1.37236	3.6791	1.37236	3.6791	1.3303252	1.188407	1.4892078
5.1703863	1.37236	3.6791	1.37236	3.6791	1.3294532	1.1745345	1.5048036
5.1845494	1.37236	3.6791	1.37236	3.6791	1.3278001	1.1607909	1.5188397
5.1987124	1.37236	3.6791	1.37236	3.6791	1.325505	1.1476482	1.5309336
5.2128755	1.37236	3.6791	1.37236	3.6791	1.3227124	1.1354075	1.5409171
5.2270386	1.37236	3.6791	1.37236	3.6791	1.3195403	1.1242451	1.5487691
5.2412017	1.37236	3.6791	1.37236	3.6791	1.3161342	1.1142798	1.5545682
5.2553648	1.37236	3.6791	1.37236	3.6791	1.3125948	1.1055537	1.5584126
5.2695279	1.37236	3.6791	1.37236	3.6791	1.3089975	1.0980224	1.5605053
5.283691	1.37236	3.6791	1.37236	3.6791	1.3054069	1.0916151	1.5610706
5.2978541	1.37236	3.6791	1.37236	3.6791	1.3018327	1.0861556	1.560336
5.3120172	1.37236	3.6791	1.37236	3.6791	1.2982822	1.0814566	1.5585749
5.3261803	1.37236	3.6791	1.37236	3.6791	1.2947191	1.0772509	1.5560876
5.3403433	1.37236	3.6791	1.37236	3.6791	1.2910755	1.0732123	1.553166
5.3545064	1.37236	3.6791	1.37236	3.6791	1.2872733	1.069005	1.5501094
5.3686695	1.37236	3.6791	1.37236	3.6791	1.2832117	1.0642731	1.5471872
5.3828326	1.37236	3.6791	1.37236	3.6791	1.2787677	1.0586886	1.5445899
5.3969957	1.37236	3.6791	1.37236	3.6791	1.2738091	1.0519754	1.5424264
5.4111588	1.37236	3.6791	1.37236	3.6791	1.2682157	1.043915	1.5407146
5.4253219	1.37236	3.6791	1.37236	3.6791	1.2618534	1.0343829	1.5393543
5.439485	1.37236	3.6791	1.37236	3.6791	1.2546172	1.0233329	1.5381636
5.4536481	1.37236	3.6791	1.37236	3.6791	1.2463992	1.0108116	1.5369092
5.4678112	1.37236	3.6791	1.37236	3.6791	1.2371547	0.9968749	1.5353546
5.4819742	1.37236	3.6791	1.37236	3.6791	1.2268315	0.9816331	1.5332777
5.4961373	1.37236	3.6791	1.37236	3.6791	1.2154352	0.9652089	1.5305276
5.5103004	1.37236	3.6791	1.37236	3.6791	1.2030132	0.94775	1.5270189
5.5244635	1.37236	3.6791	1.37236	3.6791	1.1896276	0.9294052	1.5227206
5.5386266	1.37236	3.6791	1.37236	3.6791	1.1754035	0.9103381	1.5176572
5.5527897	1.37236	3.6791	1.37236	3.6791	1.1604549	0.8907377	1.511862
5.5669528	1.37236	3.6791	1.37236	3.6791	1.1449376	0.8708176	1.5053611
5.5811159	1.37236	3.6791	1.37236	3.6791	1.1290027	0.8508136	1.4981645
5.595279	1.37236	3.6791	1.37236	3.6791	1.1128192	0.8309817	1.4902473
5.6094421	1.37236	3.6791	1.37236	3.6791	1.0965413	0.8115815	1.4815648
5.6236052	1.37236	3.6791	1.37236	3.6791	1.0803374	0.7928656	1.4720387
5.6377682	1.37236	3.6791	1.37236	3.6791	1.064345	0.7750708	1.461593
5.6519313	1.37236	3.6791	1.37236	3.6791	1.0487115	0.7584034	1.4501444
5.6660944	1.37236	3.6791	1.37236	3.6791	1.0335523	0.7430405	1.4376545
5.6802575	1.37236	3.6791	1.37236	3.6791	1.018988	0.7291228	1.4241028
5.6944206	1.37236	3.6791	1.37236	3.6791	1.0051134	0.7167636	1.4094702
5.7085837	1.37236	3.6791	1.37236	3.6791	0.9920164	0.706047	1.3938151
5.7227468	1.37236	3.6791	1.37236	3.6791	0.979779	0.6970577	1.3771714
5.7369099	1.37236	3.6791	1.37236	3.6791	0.9684649	0.6898384	1.3596287
5.751073	1.37236	3.6791	1.37236	3.6791	0.9581292	0.6844236	1.341293
5.7652361	1.37236	3.6791	1.37236	3.6791	0.9488249	0.6808497	1.3222732
5.7793991	1.37236	3.6791	1.37236	3.6791	0.9406007	0.6791476	1.30271
5.7935622	1.37236	3.6791	1.37236	3.6791	0.9334934	0.6793407	1.2827312
5.8077253	1.37236	3.6791	1.37236	3.6791	0.927545	0.6814433	1.2625344
5.8218884	1.37236	3.6791	1.37236	3.6791	0.9227832	0.6854474	1.2423049
5.8360515	1.37236	3.6791	1.37236	3.6791	0.9192258	0.6913229	1.2222743
5.8502146	1.37236	3.6791	1.37236	3.6791	0.9168787	0.6990021	1.2026819
5.8643777	1.37236	3.6791	1.37236	3.6791	0.915735	0.7083758	1.1838119
5.8785408	1.37236	3.6791	1.37236	3.6791	0.91577	0.7192766	1.165954
5.8927039	1.37236	3.6791	1.37236	3.6791	0.9169422	0.7314756	1.1494494
5.906867	1.37236	3.6791	1.37236	3.6791	0.9191905	0.7446734	1.134613
5.92103	1.37236	3.6791	1.37236	3.6791	0.9224333	0.758507	1.1217941
5.9351931	1.37236	3.6791	1.37236	3.6791	0.9265712	0.7725561	1.1112938
5.9493562	1.37236	3.6791	1.37236	3.6791	0.9314872	0.7863773	1.1033733
5.9635193	1.37236	3.6791	1.37236	3.6791	0.937058	0.799532	1.0982408
5.9776824	1.37236	3.6791	1.37236	3.6791	0.9431315	0.8116827	1.095874
5.9918455	1.37236	3.6791	1.37236	3.6791	0.9495645	0.8226203	1.096096
6.0060086	1.37236	3.6791	1.37236	3.6791	0.9562145	0.8322942	1.0985863
6.0201717	1.37236	3.6791	1.37236	3.6791	0.9629515	0.840782	1.1028715
6.0343348	1.37236	3.6791	1.37236	3.6791	0.9696613	0.8482387	1.1084701
6.0484979	1.37236	3.6791	1.37236	3.6791	0.97625	0.8548176	1.1149356
6.0626609	1.37236	3.6791	1.37236	3.6791	0.9826489	0.860613	1.121988
6.076824	1.37236	3.6791	1.37236	3.6791	0.9888122	0.865624	1.1295335
6.0909871	1.37236	3.6791	1.37236	3.6791	0.9947194	0.869748	1.1376483
6.1051502	1.37236	3.6791	1.37236	3.6791	1.0003692	0.8728088	1.1465784
6.1193133	1.37236	3.6791	1.37236	3.6791	1.0057797	0.8745998	1.1566262
6.1334764	1.37236	3.6791	1.37236	3.6791	1.0109651	0.8749454	1.1681303
6.1476395	1.37236	3.6791	1.37236	3.6791	1.0159541	0.8737502	1.1813092
6.1618026	1.37236	3.6791	1.37236	3.6791	1.0207842	0.8710328	1.1962745
6.1759657	1.37236	3.6791	1.37236	3.6791	1.0254585	0.8669244	1.2129835
6.1901288	1.37236	3.6791	1.37236	3.6791	1.029988	0.8616496	1.231227
6.2042918	1.37236	3.6791	1.37236	3.6791	1.0343749	0.8554857	1.2506895
6.2184549	1.37236	3.6791	1.37236	3.6791	1.0386028	0.8487431	1.2709435
6.232618	1.37236	3.6791	1.37236	3.6791	1.0426435	0.841711	1.291552
6.2467811	1.37236	3.6791	1.37236	3.6791	1.0464463	0.8346476	1.3120008
6.2609442	1.37236	3.6791	1.37236	3.6791	1.049962	0.8277767	1.3317856
6.2751073	1.37236	3.6791	1.37236	3.6791	1.0531219	0.8212793	1.3504188
6.2892704	1.37236	3.6791	1.37236	3.6791	1.0558573	0.8152984	1.3674076
6.3034335	1.37236	3.6791	1.37236	3.6791	1.0580975	0.809938	1.3822968
6.3175966	1.37236	3.6791	1.37236	3.6791	1.0597543	0.8052662	1.3946793
6.3317597	1.37236	3.6791	1.37236	3.6791	1.0607602	0.8013197	1.4041982
6.3459227	1.37236	3.6791	1.37236	3.6791	1.0610272	0.7981047	1.410564
6.3600858	1.37236	3.6791	1.37236	3.6791	1.0604926	0.7955967	1.4135806
6.3742489	1.37236	3.6791	1.37236	3.6791	1.0590857	0.7937459	1.4131366
6.388412	1.37236	3.6791	1.37236	3.6791	1.0567632	0.7924754	1.4091983
6.4025751	1.37236	3.6791	1.37236	3.6791	1.0534771	0.7916822	1.4018364
6.4167382	1.37236	3.6791	1.37236	3.6791	1.0491756	0.791239	1.3912095
6.4309013	1.37236	3.6791	1.37236	3.6791	1.0438309	0.7909954	1.3774937
6.4450644	1.37236	3.6791	1.37236	3.6791	1.0374155	0.7907734	1.3609806
6.4592275	1.37236	3.6791	1.37236	3.6791	1.0299017	0.790383	1.342003
6.4733906	1.37236	3.6791	1.37236	3.6791	1.0212706	0.7896285	1.3208624
6.4875536	1.37236	3.6791	1.37236	3.6791	1.0115041	0.7883135	1.2978775
6.5017167	1.37236	3.6791	1.37236	3.6791	1.0005772	0.7862593	1.2733177
6.5158798	1.37236	3.6791	1.37236	3.6791	0.9884921	0.7833148	1.2474216
6.5300429	1.37236	3.6791	1.37236	3.6791	0.9752518	0.7793734	1.220364
6.544206	1.37236	3.6791	1.37236	3.6791	0.9608749	0.774378	1.1922889
6.5583691	1.37236	3.6791	1.37236	3.6791	0.9454354	0.7683422	1.1633489
6.5725322	1.37236	3.6791	1.37236	3.6791	0.9290143	0.7613256	1.1336438
6.5866953	1.37236	3.6791	1.37236	3.6791	0.9117372	0.7534353	1.1033054
6.6008584	1.37236	3.6791	1.37236	3.6791	0.8937645	0.744809	1.0725108
6.6150215	1.37236	3.6791	1.37236	3.6791	0.8752919	0.7355972	1.041516
6.6291845	1.37236	3.6791	1.37236	3.6791	0.8565369	0.7259423	1.0106247
6.6433476	1.37236	3.6791	1.37236	3.6791	0.8377312	0.7159701	0.9802016
6.6575107	1.37236	3.6791	1.37236	3.6791	0.8191065	0.70578	0.9506303
6.6716738	1.37236	3.6791	1.37236	3.6791	0.8008871	0.6954405	0.9223236
6.6858369	1.37236	3.6791	1.37236	3.6791	0.7832681	0.6849987	0.895635
6.7	1.37236	3.6791	1.37236	3.6791	0.7664081	0.6744818	0.8708638
6.7141631	1.37236	3.6791	1.37236	3.6791	0.7504329	0.6639055	0.8482381
6.7283262	1.37236	3.6791	1.37236	3.6791	0.7354311	0.6532882	0.8279028
6.7424893	1.37236	3.6791	1.37236	3.6791	0.7214558	0.6426577	0.8099156
6.7566524	1.37236	3.6791	1.37236	3.6791	0.7085307	0.6320625	0.7942502
6.7708155	1.37236	3.6791	1.37236	3.6791	0.6966523	0.6215648	0.780811
6.7849785	1.37236	3.6791	1.37236	3.6791	0.6857978	0.6112415	0.7694489
6.7991416	1.37236	3.6791	1.37236	3.6791	0.6759287	0.6011742	0.7599794
6.8133047	1.37236	3.6791	1.37236	3.6791	0.6669967	0.5914393	0.7522082
6.8274678	1.37236	3.6791	1.37236	3.6791	0.658947	0.5821022	0.7459376
6.8416309	1.37236	3.6791	1.37236	3.6791	0.6517217	0.5732119	0.7409852
6.855794	1.37236	3.6791	1.37236	3.6791	0.6452638	0.5648038	0.7371861
6.8699571	1.37236	3.6791	1.37236	3.6791	0.6395161	0.5568968	0.7343926
6.8841202	1.37236	3.6791	1.37236	3.6791	0.6344261	0.5494996	0.7324794
6.8982833	1.37236	3.6791	1.37236	3.6791	0.6299472	0.5426115	0.7313405
6.9124464	1.37236	3.6791	1.37236	3.6791	0.6260417	0.5362329	0.7308922
6.9266094	1.37236	3.6791	1.37236	3.6791	0.622661	0.530342	0.73105
6.9407725	1.37236	3.6791	1.37236	3.6791	0.6197764	0.524934	0.7317544
6.9549356	1.37236	3.6791	1.37236	3.6791	0.6173574	0.5199914	0.7329567
6.9690987	1.37236	3.6791	1.37236	3.6791	0.6153827	0.5155007	0.7346198
6.9832618	1.37236	3.6791	1.37236	3.6791	0.6138351	0.5114506	0.7367171
6.9974249	1.37236	3.6791	1.37236	3.6791	0.6127018	0.5078309	0.7392303
7.011588	1.37236	3.6791	1.37236	3.6791	0.6119752	0.504634	0.7421512
7.0257511	1.37236	3.6791	1.37236	3.6791	0.6116535	0.5018539	0.7454768
7.0399142	1.37236	3.6791	1.37236	3.6791	0.6117367	0.4994866	0.749215
7.0540773	1.37236	3.6791	1.37236	3.6791	0.6122321	0.4975319	0.7533762
7.0682403	1.37236	3.6791	1.37236	3.6791	0.6131497	0.4959922	0.7579809
7.0824034	1.37236	3.6791	1.37236	3.6791	0.6145031	0.494872	0.7630538
7.0965665	1.37236	3.6791	1.37236	3.6791	0.6163108	0.4941787	0.7686275
7.1107296	1.37236	3.6791	1.37236	3.6791	0.6185961	0.4939233	0.7747372
7.1248927	1.37236	3.6791	1.37236	3.6791	0.6213845	0.4941188	0.7814277
7.1390558	1.37236	3.6791	1.37236	3.6791	0.6247093	0.4947854	0.7887485
7.1532189	1.37236	3.6791	1.37236	3.6791	0.6286065	0.4959439	0.7967566
7.167382	1.37236	3.6791	1.37236	3.6791	0.6331092	0.4976131	0.8054993
7.1815451	1.37236	3.6791	1.37236	3.6791	0.6382551	0.4998176	0.8150356
7.1957082	1.37236	3.6791	1.37236	3.6791	0.6440864	0.5025878	0.8254231
7.2098712	1.37236	3.6791	1.37236	3.6791	0.6506465	0.5059548	0.8367173
7.2240343	1.37236	3.6791	1.37236	3.6791	0.6579787	0.5099535	0.8489733
7.2381974	1.37236	3.6791	1.37236	3.6791	0.6661279	0.5146222	0.8622382
7.2523605	1.37236	3.6791	1.37236	3.6791	0.6751353	0.5200012	0.876551
7.2665236	1.37236	3.6791	1.37236	3.6791	0.6850397	0.5261342	0.8919386
7.2806867	1.37236	3.6791	1.37236	3.6791	0.6958767	0.5330653	0.9084143
7.2948498	1.37236	3.6791	1.37236	3.6791	0.707682	0.5408448	0.9259857
7.3090129	1.37236	3.6791	1.37236	3.6791	0.7204609	0.549504	0.9446043
7.323176	1.37236	3.6791	1.37236	3.6791	0.7342313	0.5590867	0.9642437
7.3373391	1.37236	3.6791	1.37236	3.6791	0.7489929	0.569623	0.9848456
7.3515021	1.37236	3.6791	1.37236	3.6791	0.7647336	0.581129	1.0063495
7.3656652	1.37236	3.6791	1.37236	3.6791	0.7814248	0.5936018	1.0286773
7.3798283	1.37236	3.6791	1.37236	3.6791	0.7990348	0.6070191	1.0517927
7.3939914	1.37236	3.6791	1.37236	3.6791	0.8175043	0.6213093	1.0756554
7.4081545	1.37236	3.6791	1.37236	3.6791	0.8367568	0.6363555	1.1002699
7.4223176	1.37236	3.6791	1.37236	3.6791	0.8567066	0.6519953	1.1256957
7.4364807	1.37236	3.6791	1.37236	3.6791	0.8772557	0.6680157	1.1520382
7.4506438	1.37236	3.6791	1.37236	3.6791	0.8982927	0.6841496	1.1794682
7.4648069	1.37236	3.6791	1.37236	3.6791	0.9196896	0.7000891	1.2081716
7.47897	1.37236	3.6791	1.37236	3.6791	0.9413068	0.7155049	1.2383695
7.493133	1.37236	3.6791	1.37236	3.6791	0.9629921	0.7300686	1.2702296
7.5072961	1.37236	3.6791	1.37236	3.6791	0.9845797	0.7434879	1.3038522
7.5214592	1.37236	3.6791	1.37236	3.6791	1.0058997	0.7555294	1.3392329
7.5356223	1.37236	3.6791	1.37236	3.6791	1.0267578	0.7660446	1.3762133
7.5497854	1.37236	3.6791	1.37236	3.6791	1.0469873	0.7749761	1.4144813
7.5639485	1.37236	3.6791	1.37236	3.6791	1.0664	0.782358	1.4535781
7.5781116	1.37236	3.6791	1.37236	3.6791	1.0848364	0.7883004	1.49292
7.5922747	1.37236	3.6791	1.37236	3.6791	1.1021395	0.7929714	1.5318497
7.6064378	1.37236	3.6791	1.37236	3.6791	1.1181801	0.7965748	1.5696373
7.6206009	1.37236	3.6791	1.37236	3.6791	1.132857	0.7993229	1.6055543
7.6347639	1.37236	3.6791	1.37236	3.6791	1.146103	0.8014531	1.6389671
7.648927	1.37236	3.6791	1.37236	3.6791	1.1579016	0.8031797	1.6693021
7.6630901	1.37236	3.6791	1.37236	3.6791	1.1682755	0.8046973	1.6961184
7.6772532	1.37236	3.6791	1.37236	3.6791	1.1772296	0.8061794	1.7190643
7.6914163	1.37236	3.6791	1.37236	3.6791	1.1848467	0.8077793	1.7379304
7.7055794	1.37236	3.6791	1.37236	3.6791	1.1912128	0.80963	1.752644
7.7197425	1.37236	3.6791	1.37236	3.6791	1.1964371	0.8118421	1.7632279
7.7339056	1.37236	3.6791	1.37236	3.6791	1.2006337	0.8145119	1.7698042
7.7480687	1.37236	3.6791	1.37236	3.6791	1.2039398	0.8177202	1.7725691
7.7622318	1.37236	3.6791	1.37236	3.6791	1.206473	0.8215337	1.7717791
7.7763948	1.37236	3.6791	1.37236	3.6791	1.2083736	0.8260086	1.7677363
7.7905579	1.37236	3.6791	1.37236	3.6791	1.2097725	0.8311937	1.7607764
7.804721	1.37236	3.6791	1.37236	3.6791	1.2107825	0.8371282	1.7512354
7.8188841	1.37236	3.6791	1.37236	3.6791	1.2115448	0.8438423	1.7394635
7.8330472	1.37236	3.6791	1.37236	3.6791	1.2121442	0.851362	1.7258266
7.8472103	1.37236	3.6791	1.37236	3.6791	1.2127068	0.8597079	1.7106573
7.8613734	1.37236	3.6791	1.37236	3.6791	1.2133166	0.8688994	1.6942679
7.8755365	1.37236	3.6791	1.37236	3.6791	1.2140664	0.8789277	1.6770069
7.8896996	1.37236	3.6791	1.37236	3.6791	1.2150291	0.8897877	1.6591757
7.9038627	1.37236	3.6791	1.37236	3.6791	1.2162748	0.901461	1.641038
7.9180258	1.37236	3.6791	1.37236	3.6791	1.2178539	0.913918	1.622877
7.9321888	1.37236	3.6791	1.37236	3.6791	1.219813	0.927114	1.6049331
7.9463519	1.37236	3.6791	1.37236	3.6791	1.2221883	0.9409875	1.587443
7.960515	1.37236	3.6791	1.37236	3.6791	1.2250162	0.9554555	1.5706382
7.9746781	1.37236	3.6791	1.37236	3.6791	1.2283043	0.9704138	1.5547471
7.9888412	1.37236	3.6791	1.37236	3.6791	1.2320685	0.9857309	1.5399783
8.0030043	1.37236	3.6791	1.37236	3.6791	1.2363106	1.0012497	1.5265635
8.0171674	1.37236	3.6791	1.37236	3.6791	1.2410161	1.0167762	1.5147166
8.0313305	1.37236	3.6791	1.37236	3.6791	1.2461859	1.0321019	1.5046791
8.0454936	1.37236	3.6791	1.37236	3.6791	1.2518037	1.0469934	1.4966805
8.0596567	1.37236	3.6791	1.37236	3.6791	1.2578312	1.0611561	1.49095
8.0738197	1.37236	3.6791	1.37236	3.6791	1.2642433	1.0743585	1.4876983
8.0879828	1.37236	3.6791	1.37236	3.6791	1.2710244	1.0863379	1.4871086
8.1021459	1.37236	3.6791	1.37236	3.6791	1.2781186	1.0968866	1.489288
8.116309	1.37236	3.6791	1.37236	3.6791	1.2854866	1.1059145	1.4942228
8.1304721	1.37236	3.6791	1.37236	3.6791	1.2930941	1.1133805	1.5018173
8.1446352	1.37236	3.6791	1.37236	3.6791	1.300881	1.1193367	1.5118628
8.1587983	1.37236	3.6791	1.37236	3.6791	1.3087923	1.1239348	1.524054
8.1729614	1.37236	3.6791	1.37236	3.6791	1.3167754	1.1273592	1.5380248
8.1871245	1.37236	3.6791	1.37236	3.6791	1.3247726	1.1298284	1.5533565
8.2012876	1.37236	3.6791	1.37236	3.6791	1.3327213	1.1315706	1.5696302
8.2154506	1.37236	3.6791	1.37236	3.6791	1.340553	1.1328002	1.5864131
8.2296137	1.37236	3.6791	1.37236	3.6791	1.348203	1.1337035	1.6032855
8.2437768	1.37236	3.6791	1.37236	3.6791	1.3555973	1.1344564	1.6198503
8.2579399	1.37236	3.6791	1.37236	3.6791	1.3626643	1.1351819	1.6357277
8.272103	1.37236	3.6791	1.37236	3.6791	1.3693274	1.1360016	1.6505755
8.2862661	1.37236	3.6791	1.37236	3.6791	1.3755139	1.137001	1.6640605
8.3004292	1.37236	3.6791	1.37236	3.6791	1.3811416	1.1382464	1.6758755
8.3145923	1.37236	3.6791	1.37236	3.6791	1.3861457	1.1397941	1.6857555
8.3287554	1.37236	3.6791	1.37236	3.6791	1.3904462	1.1416746	1.6934281
8.3429185	1.37236	3.6791	1.37236	3.6791	1.3939827	1.1439138	1.6987048
8.3570815	1.37236	3.6791	1.37236	3.6791	1.3966848	1.1465202	1.7014208
8.3712446	1.37236	3.6791	1.37236	3.6791	1.3985053	1.1494916	1.7014575
8.3854077	1.37236	3.6791	1.37236	3.6791	1.3994005	1.1528047	1.6987507
8.3995708	1.37236	3.6791	1.37236	3.6791	1.3993425	1.1564332	1.6932655
8.4137339	1.37236	3.6791	1.37236	3.6791	1.3982897	1.1603534	1.6850287
8.427897	1.37236	3.6791	1.37236	3.6791	1.3962561	1.1645081	1.6741278
8.4420601	1.37236	3.6791	1.37236	3.6791	1.3932299	1.1688353	1.6606956
8.4562232	1.37236	3.6791	1.37236	3.6791	1.3892255	1.1732861	1.6449104
8.4703863	1.37236	3.6791	1.37236	3.6791	1.3842757	1.1777679	1.6269942
8.4845494	1.37236	3.6791	1.37236	3.6791	1.3784178	1.1822017	1.6072066
8.4987124	1.37236	3.6791	1.37236	3.6791	1.3716997	1.1864908	1.5858346
8.5128755	1.37236	3.6791	1.37236	3.6791	1.3641914	1.1905305	1.5631903
8.5270386	1.37236	3.6791	1.37236	3.6791	1.3559457	1.1942047	1.5396145
8.5412017	1.37236	3.6791	1.37236	3.6791	1.3470455	1.1973734	1.515436
8.5553648	1.37236	3.6791	1.37236	3.6791	1.3375635	1.1999091	1.491019
8.5695279	1.37236	3.6791	1.37236	3.6791	1.3275755	1.201614	1.4667352
8.583691	1.37236	3.6791	1.37236	3.6791	1.3171538	1.2023259	1.442953
8.5978541	1.37236	3.6791	1.37236	3.6791	1.3063813	1.2018083	1.4200547
8.6120172	1.37236	3.6791	1.37236	3.6791	1.2953283	1.1998345	1.39843
8.6261803	1.37236	3.6791	1.37236	3.6791	1.2840718	1.1961439	1.3784557
8.6403433	1.37236	3.6791	1.37236	3.6791	1.2726565	1.1905054	1.3604664
8.6545064	1.37236	3.6791	1.37236	3.6791	1.2611428	1.1827901	1.3446895
8.6686695	1.37236	3.6791	1.37236	3.6791	1.2495879	1.1729913	1.3311889
8.6828326	1.37236	3.6791	1.37236	3.6791	1.2380292	1.1613051	1.3198194
8.6969957	1.37236	3.6791	1.37236	3.6791	1.2265034	1.1480684	1.3102965
8.7111588	1.37236	3.6791	1.37236	3.6791	1.2150419	1.1336751	1.3022479
8.7253219	1.37236	3.6791	1.37236	3.6791	1.2036641	1.1185426	1.295274
8.739485	1.37236	3.6791	1.37236	3.6791	1.1924035	1.1029947	1.2890519
8.7536481	1.37236	3.6791	1.37236	3.6791	1.1812601	1.0873177	1.2833217
8.7678112	1.37236	3.6791	1.37236	3.6791	1.1702494	1.0716988	1.2778708
8.7819742	1.37236	3.6791	1.37236	3.6791	1.1593884	1.0562724	1.2725669
8.7961373	1.37236	3.6791	1.37236	3.6791	1.1486526	1.0411204	1.2673055
8.8103004	1.37236	3.6791	1.37236	3.6791	1.1380862	1.026321	1.2620193
8.8244635	1.37236	3.6791	1.37236	3.6791	1.1276603	1.0118974	1.2566681
8.8386266	1.37236	3.6791	1.37236	3.6791	1.1173848	0.9978619	1.2512157
8.8527897	1.37236	3.6791	1.37236	3.6791	1.1072423	0.9842142	1.2456604
8.8669528	1.37236	3.6791	1.37236	3.6791	1.0972482	0.9709482	1.2399824
8.8811159	1.37236	3.6791	1.37236	3.6791	1.0873883	0.9580555	1.2341915
8.895279	1.37236	3.6791	1.37236	3.6791	1.0776701	0.9455214	1.2282878
8.9094421	1.37236	3.6791	1.37236	3.6791	1.0680785	0.9333338	1.2222763
8.9236052	1.37236	3.6791	1.37236	3.6791	1.0586184	0.921479	1.2161708
8.9377682	1.37236	3.6791	1.37236	3.6791	1.049295	0.9099436	1.2099851
8.9519313	1.37236	3.6791	1.37236	3.6791	1.0400965	0.898719	1.2037175
8.9660944	1.37236	3.6791	1.37236	3.6791	1.0310431	0.8877966	1.1974008
8.9802575	1.37236	3.6791	1.37236	3.6791	1.0221266	0.8771698	1.191033
8.9944206	1.37236	3.6791	1.37236	3.6791	1.013352	0.8668353	1.1846391
9.0085837	1.37236	3.6791	1.37236	3.6791	1.0047358	0.8567942	1.1782281
9.0227468	1.37236	3.6791	1.37236	3.6791	0.9962913	0.8470474	1.1718261
9.0369099	1.37236	3.6791	1.37236	3.6791	0.9880241	0.8376034	1.1654624
9.051073	1.37236	3.6791	1.37236	3.6791	0.9799527	0.8284679	1.1591359
9.0652361	1.37236	3.6791	1.37236	3.6791	0.9720922	0.8196496	1.1528842
9.0793991	1.37236	3.6791	1.37236	3.6791	0.9644617	0.8111614	1.1467335
9.0935622	1.37236	3.6791	1.37236	3.6791	0.9570835	0.803017	1.1407102
9.1077253	1.37236	3.6791	1.37236	3.6791	0.9499803	0.7952347	1.1348372
9.1218884	1.37236	3.6791	1.37236	3.6791	0.9431778	0.7878333	1.1291529
9.1360515	1.37236	3.6791	1.37236	3.6791	0.9367029	0.7808345	1.1236864
9.1502146	1.37236	3.6791	1.37236	3.6791	0.9305854	0.7742613	1.1184742
9.1643777	1.37236	3.6791	1.37236	3.6791	0.9248526	0.7681345	1.1135403
9.1785408	1.37236	3.6791	1.37236	3.6791	0.9195444	0.7624906	1.108947
9.1927039	1.37236	3.6791	1.37236	3.6791	0.9146915	0.7573541	1.104714
9.206867	1.37236	3.6791	1.37236	3.6791	0.9103283	0.7527547	1.1008845
9.22103	1.37236	3.6791	1.37236	3.6791	0.9064922	0.7487259	1.0975013
9.2351931	1.37236	3.6791	1.37236	3.6791	0.9032197	0.7453003	1.0946008
9.2493562	1.37236	3.6791	1.37236	3.6791	0.9005501	0.7425138	1.0922193
9.2635193	1.37236	3.6791	1.37236	3.6791	0.8985206	0.7404033	1.0904034
9.2776824	1.37236	3.6791	1.37236	3.6791	0.89718	0.739016	1.0891972
9.2918455	1.37236	3.6791	1.37236	3.6791	0.8965609	0.7383849	1.088622
9.3060086	1.37236	3.6791	1.37236	3.6791	0.8967006	0.7385476	1.0887211
9.3201717	1.37236	3.6791	1.37236	3.6791	0.8976365	0.7395465	1.0895236
9.3343348	1.37236	3.6791	1.37236	3.6791	0.8994062	0.7414216	1.0910576
9.3484979	1.37236	3.6791	1.37236	3.6791	0.9020461	0.7442169	1.093348
9.3626609	1.37236	3.6791	1.37236	3.6791	0.9055909	0.7479747	1.0964253
9.376824	1.37236	3.6791	1.37236	3.6791	0.9100737	0.7527367	1.1002975
9.3909871	1.37236	3.6791	1.37236	3.6791	0.9155239	0.7585444	1.104993
9.4051502	1.37236	3.6791	1.37236	3.6791	0.9219688	0.7654383	1.1105058
9.4193133	1.37236	3.6791	1.37236	3.6791	0.9294333	0.773458	1.116866
9.4334764	1.37236	3.6791	1.37236	3.6791	0.9379371	0.782639	1.1240535
9.4476395	1.37236	3.6791	1.37236	3.6791	0.9474948	0.793014	1.1320683
9.4618026	1.37236	3.6791	1.37236	3.6791	0.9581173	0.8046139	1.1409088
9.4759657	1.37236	3.6791	1.37236	3.6791	0.9698078	0.8174592	1.1505477
9.4901288	1.37236	3.6791	1.37236	3.6791	0.982565	0.8315705	1.1609742
9.5042918	1.37236	3.6791	1.37236	3.6791	0.9963802	0.8469575	1.1721633
9.5184549	1.37236	3.6791	1.37236	3.6791	1.0112503	0.8636379	1.1840868
9.532618	1.37236	3.6791	1.37236	3.6791	1.0271352	0.8815935	1.1967053
9.5467811	1.37236	3.6791	1.37236	3.6791	1.0439926	0.9007829	1.2099681
9.5609442	1.37236	3.6791	1.37236	3.6791	1.0617748	0.9211764	1.223834
9.5751073	1.37236	3.6791	1.37236	3.6791	1.0804288	0.9427242	1.2382539
9.5892704	1.37236	3.6791	1.37236	3.6791	1.0998962	0.9653564	1.2531875
9.6034335	1.37236	3.6791	1.37236	3.6791	1.1200919	0.9889836	1.2685886
9.6175966	1.37236	3.6791	1.37236	3.6791	1.140934	1.0134974	1.2844006
9.6317597	1.37236	3.6791	1.37236	3.6791	1.162325	1.0387581	1.3006026
9.6459227	1.37236	3.6791	1.37236	3.6791	1.184166	1.0646053	1.317154
9.6600858	1.37236	3.6791	1.37236	3.6791	1.206333	1.09086	1.3340384
9.6742489	1.37236	3.6791	1.37236	3.6791	1.2287168	1.1173009	1.3512485
9.688412	1.37236	3.6791	1.37236	3.6791	1.2511837	1.1436815	1.3687926
9.7025751	1.37236	3.6791	1.37236	3.6791	1.2736082	1.1697387	1.3866954
9.7167382	1.37236	3.6791	1.37236	3.6791	1.2958465	1.1951842	1.4049863
9.7309013	1.37236	3.6791	1.37236	3.6791	1.3177784	1.2197267	1.4237115
9.7450644	1.37236	3.6791	1.37236	3.6791	1.3392551	1.2430549	1.4429004
9.7592275	1.37236	3.6791	1.37236	3.6791	1.3601539	1.2649136	1.4625641
9.7733906	1.37236	3.6791	1.37236	3.6791	1.3803422	1.2850952	1.4826606
9.7875536	1.37236	3.6791	1.37236	3.6791	1.3997265	1.303459	1.5030958
9.8017167	1.37236	3.6791	1.37236	3.6791	1.4181845	1.3199481	1.5237415
9.8158798	1.37236	3.6791	1.37236	3.6791	1.4356346	1.3345416	1.5443864
9.8300429	1.37236	3.6791	1.37236	3.6791	1.4519957	1.3473059	1.564816
9.844206	1.37236	3.6791	1.37236	3.6791	1.4671953	1.3583253	1.584799
9.8583691	1.37236	3.6791	1.37236	3.6791	1.4812002	1.3677073	1.6041171
9.8725322	1.37236	3.6791	1.37236	3.6791	1.4939687	1.3755705	1.6225605
9.8866953	1.37236	3.6791	1.37236	3.6791	1.5054923	1.3820434	1.6399648
9.9008584	1.37236	3.6791	1.37236	3.6791	1.5157615	1.3872214	1.6562078
9.9150215	1.37236	3.6791	1.37236	3.6791	1.5247964	1.3912331	1.6711889
9.9291845	1.37236	3.6791	1.37236	3.6791	1.5326253	1.3941651	1.6848411
9.9433476	1.37236	3.6791	1.37236	3.6791	1.5392938	1.3961262	1.6971469
9.9575107	1.37236	3.6791	1.37236	3.6791	1.5448573	1.3972099	1.7081205
9.9716738	1.37236	3.6791	1.37236	3.6791	1.5493784	1.3974872	1.7177787
9.9858369	1.37236	3.6791	1.37236	3.6791	1.5529217	1.3970428	1.7261926
10	1.37236	3.6791	1.37236	3.6791	1.5555806	1.3959626	1.7334372
