0.1	1.08037	3.7521	1.08037	3.7521	1.13641	0.393108	3.28519
0.1141631	1.08037	3.7521	1.08037	3.7521	1.256649	0.4693406	3.3674337
0.1283262	1.08037	3.7521	1.08037	3.7521	1.3937635	0.5410885	3.590543
0.1424893	1.08037	3.7521	1.08037	3.7521	1.3942136	0.5867125	3.3132022
0.1566524	1.08037	3.7521	1.08037	3.7521	1.5058471	0.6479091	3.4998849
0.1708155	1.08037	3.7521	1.08037	3.7521	1.8028568	0.722776	4.4982357
0.1849785	1.08037	3.7521	1.08037	3.7521	1.725122	0.7449645	3.9994462
0.1991416	1.08037	3.7521	1.08037	3.7521	1.5008844	0.7418169	3.0366902
0.2133047	1.08037	3.7521	1.08037	3.7521	1.4719818	0.6751818	3.2139399
0.2274678	1.08037	3.7521	1.08037	3.7521	1.3921981	0.6006373	3.2300513
0.2416309	1.08037	3.7521	1.08037	3.7521	1.2311846	0.6264868	2.4202739
0.255794	1.08037	3.7521	1.08037	3.7521	1.1228891	0.6266399	2.0121152
0.2699571	1.08037	3.7521	1.08037	3.7521	1.2676188	0.6550914	2.4531591
0.2841202	1.08037	3.7521	1.08037	3.7521	1.4551886	0.6961479	3.0421954
0.2982833	1.08037	3.7521	1.08037	3.7521	1.4064344	0.811439	2.4404092
0.3124464	1.08037	3.7521	1.08037	3.7521	1.5885449	0.9926254	2.5422265
0.3266094	1.08037	3.7521	1.08037	3.7521	1.9888514	1.0492849	3.776949
0.3407725	1.08037	3.7521	1.08037	3.7521	2.2001215	1.3294315	3.6679038
0.3549356	1.08037	3.7521	1.08037	3.7521	2.1154723	1.5840474	2.8252473
0.3690987	1.08037	3.7521	1.08037	3.7521	1.8301727	1.297375	2.5852635
0.3832618	1.08037	3.7521	1.08037	3.7521	1.6238986	0.991206	2.6623902
0.3974249	1.08037	3.7521	1.08037	3.7521	1.6418661	1.0018314	2.692315
0.411588	1.08037	3.7521	1.08037	3.7521	1.812	1.1850382	2.7707487
0.4257511	1.08037	3.7521	1.08037	3.7521	1.9521204	1.3006924	2.9298271
0.4399142	1.08037	3.7521	1.08037	3.7521	1.8894882	1.2152745	2.9401625
0.4540773	1.08037	3.7521	1.08037	3.7521	1.7197826	0.9668475	3.0605338
0.4682403	1.08037	3.7521	1.08037	3.7521	1.5736481	0.8538011	2.902454
0.4824034	1.08037	3.7521	1.08037	3.7521	1.5675205	1.0083919	2.4368956
0.4965665	1.08037	3.7521	1.08037	3.7521	1.5635915	1.0028755	2.4378999
0.5107296	1.08037	3.7521	1.08037	3.7521	1.3984473	0.8178231	2.3915399
0.5248927	1.08037	3.7521	1.08037	3.7521	1.2271711	0.6527037	2.3075601
0.5390558	1.08037	3.7521	1.08037	3.7521	1.1999193	0.6091683	2.3637272
0.5532189	1.08037	3.7521	1.08037	3.7521	1.3263374	0.6510358	2.702184
0.567382	1.08037	3.7521	1.08037	3.7521	1.5799062	0.7659216	3.25898
0.5815451	1.08037	3.7521	1.08037	3.7521	1.7926244	0.8703346	3.6922832
0.5957082	1.08037	3.7521	1.08037	3.7521	1.8644946	0.8992682	3.8659386
0.6098712	1.08037	3.7521	1.08037	3.7521	1.9098554	0.8774584	4.1577586
0.6240343	1.08037	3.7521	1.08037	3.7521	1.9270046	0.8700996	4.2680511
0.6381974	1.08037	3.7521	1.08037	3.7521	1.8423124	0.9136144	3.7201242
0.6523605	1.08037	3.7521	1.08037	3.7521	1.8220029	1.0503118	3.1644536
0.6665236	1.08037	3.7521	1.08037	3.7521	1.9197684	1.233643	2.9883927
0.6806867	1.08037	3.7521	1.08037	3.7521	1.9817468	1.3654487	2.876957
0.6948498	1.08037	3.7521	1.08037	3.7521	1.9610643	1.4486245	2.6552138
0.7090129	1.08037	3.7521	1.08037	3.7521	1.9199216	1.5104746	2.4404913
0.723176	1.08037	3.7521	1.08037	3.7521	1.878679	1.4882219	2.3719245
0.7373391	1.08037	3.7521	1.08037	3.7521	1.8428182	1.3103054	2.5917982
0.7515021	1.08037	3.7521	1.08037	3.7521	1.8082411	1.178753	2.7740669
0.7656652	1.08037	3.7521	1.08037	3.7521	1.8147877	1.1513912	2.8604386
0.7798283	1.08037	3.7521	1.08037	3.7521	1.9038986	1.2088593	2.9985482
0.7939914	1.08037	3.7521	1.08037	3.7521	2.0381737	1.3371704	3.1069399
0.8081545	1.08037	3.7521	1.08037	3.7521	2.174985	1.5009462	3.1521957
0.8223176	1.08037	3.7521	1.08037	3.7521	2.2755714	1.6396038	3.1583982
0.8364807	1.08037	3.7521	1.08037	3.7521	2.2980464	1.6110487	3.2794355
0.8506438	1.08037	3.7521	1.08037	3.7521	2.2398842	1.3972698	3.5944072
0.8648069	1.08037	3.7521	1.08037	3.7521	2.0857752	1.189402	3.6582682
0.87897	1.08037	3.7521	1.08037	3.7521	1.8694745	1.0428074	3.3514596
0.893133	1.08037	3.7521	1.08037	3.7521	1.6984534	0.960307	3.0041215
0.9072961	1.08037	3.7521	1.08037	3.7521	1.6490196	0.9684139	2.8083311
0.9214592	1.08037	3.7521	1.08037	3.7521	1.747786	1.0740835	2.8441508
0.9356223	1.08037	3.7521	1.08037	3.7521	2.010669	1.2386846	3.2639632
0.9497854	1.08037	3.7521	1.08037	3.7521	2.4287348	1.4389218	4.0994545
0.9639485	1.08037	3.7521	1.08037	3.7521	2.878819	1.7134575	4.8369819
0.9781116	1.08037	3.7521	1.08037	3.7521	3.2008371	2.030607	5.0455218
0.9922747	1.08037	3.7521	1.08037	3.7521	3.3994207	2.2765359	5.0763323
1.0064378	1.08037	3.7521	1.08037	3.7521	3.576831	2.3938463	5.3444745
1.0206009	1.08037	3.7521	1.08037	3.7521	3.7951998	2.4459917	5.889019
1.0347639	1.08037	3.7521	1.08037	3.7521	4.033324	2.5261466	6.4398344
1.048927	1.08037	3.7521	1.08037	3.7521	4.2278752	2.6579904	6.7250786
1.0630901	1.08037	3.7521	1.08037	3.7521	4.3503541	2.8158162	6.7217162
1.0772532	1.08037	3.7521	1.08037	3.7521	4.3995249	2.9748223	6.507593
1.0914163	1.08037	3.7521	1.08037	3.7521	4.3520511	3.106586	6.0980858
1.1055794	1.08037	3.7521	1.08037	3.7521	4.1820541	3.1251203	5.5968069
1.1197425	1.08037	3.7521	1.08037	3.7521	3.8947388	2.9479761	5.145597
1.1339056	1.08037	3.7521	1.08037	3.7521	3.5347567	2.6128396	4.782405
1.1480687	1.08037	3.7521	1.08037	3.7521	3.1589917	2.232967	4.4696289
1.1622318	1.08037	3.7521	1.08037	3.7521	2.8084224	1.8841289	4.1866816
1.1763948	1.08037	3.7521	1.08037	3.7521	2.5054207	1.5921655	3.9428597
1.1905579	1.08037	3.7521	1.08037	3.7521	2.2584895	1.3720662	3.7176204
1.204721	1.08037	3.7521	1.08037	3.7521	2.0665827	1.2335578	3.4621541
1.2188841	1.08037	3.7521	1.08037	3.7521	1.9247353	1.1690253	3.1689768
1.2330472	1.08037	3.7521	1.08037	3.7521	1.8244973	1.1496703	2.8955386
1.2472103	1.08037	3.7521	1.08037	3.7521	1.750278	1.1330991	2.7036536
1.2613734	1.08037	3.7521	1.08037	3.7521	1.6827427	1.0931795	2.5902554
1.2755365	1.08037	3.7521	1.08037	3.7521	1.6093092	1.0439368	2.4808685
1.2896996	1.08037	3.7521	1.08037	3.7521	1.5325817	1.0111341	2.3230288
1.3038627	1.08037	3.7521	1.08037	3.7521	1.4660009	0.9995894	2.150219
1.3180258	1.08037	3.7521	1.08037	3.7521	1.4240084	1.0013728	2.0251086
1.3321888	1.08037	3.7521	1.08037	3.7521	1.4175742	1.0201318	1.9699203
1.3463519	1.08037	3.7521	1.08037	3.7521	1.4535236	1.0726621	1.9697233
1.360515	1.08037	3.7521	1.08037	3.7521	1.5341111	1.1677959	2.0154337
1.3746781	1.08037	3.7521	1.08037	3.7521	1.6546669	1.2819174	2.1358011
1.3888412	1.08037	3.7521	1.08037	3.7521	1.7998074	1.357007	2.3875467
1.4030043	1.08037	3.7521	1.08037	3.7521	1.9434971	1.361856	2.7745029
1.4171674	1.08037	3.7521	1.08037	3.7521	2.0604907	1.3199099	3.2173335
1.4313305	1.08037	3.7521	1.08037	3.7521	2.1428057	1.2716137	3.6110465
1.4454936	1.08037	3.7521	1.08037	3.7521	2.2011313	1.2526033	3.8679247
1.4596567	1.08037	3.7521	1.08037	3.7521	2.2502661	1.2814174	3.9516461
1.4738197	1.08037	3.7521	1.08037	3.7521	2.2995646	1.3546951	3.9036089
1.4879828	1.08037	3.7521	1.08037	3.7521	2.3545623	1.4559567	3.8081215
1.5021459	1.08037	3.7521	1.08037	3.7521	2.4191426	1.5669865	3.7350303
1.516309	1.08037	3.7521	1.08037	3.7521	2.4935086	1.6753872	3.7113363
1.5304721	1.08037	3.7521	1.08037	3.7521	2.5728598	1.7699756	3.7400279
1.5446352	1.08037	3.7521	1.08037	3.7521	2.6485878	1.8311444	3.8309622
1.5587983	1.08037	3.7521	1.08037	3.7521	2.709897	1.8391465	3.9931345
1.5729614	1.08037	3.7521	1.08037	3.7521	2.7447276	1.7957721	4.1956192
1.5871245	1.08037	3.7521	1.08037	3.7521	2.7416075	1.7243195	4.3594109
1.6012876	1.08037	3.7521	1.08037	3.7521	2.6937883	1.650089	4.3977006
1.6154506	1.08037	3.7521	1.08037	3.7521	2.604467	1.5884017	4.270508
1.6296137	1.08037	3.7521	1.08037	3.7521	2.4891568	1.5427798	4.0161939
1.6437768	1.08037	3.7521	1.08037	3.7521	2.3712805	1.5064968	3.7325429
1.6579399	1.08037	3.7521	1.08037	3.7521	2.2720189	1.4675157	3.5175633
1.672103	1.08037	3.7521	1.08037	3.7521	2.2013843	1.4187893	3.4156528
1.6862661	1.08037	3.7521	1.08037	3.7521	2.1561123	1.3658153	3.4037082
1.7004292	1.08037	3.7521	1.08037	3.7521	2.1245672	1.3212052	3.416435
1.7145923	1.08037	3.7521	1.08037	3.7521	2.0931445	1.2942584	3.3851324
1.7287554	1.08037	3.7521	1.08037	3.7521	2.0525666	1.290529	3.2646638
1.7429185	1.08037	3.7521	1.08037	3.7521	2.0002498	1.3151237	3.0427559
1.7570815	1.08037	3.7521	1.08037	3.7521	1.9410377	1.3716359	2.7478287
1.7712446	1.08037	3.7521	1.08037	3.7521	1.8843512	1.4536353	2.443873
1.7854077	1.08037	3.7521	1.08037	3.7521	1.8380359	1.5268019	2.2131649
1.7995708	1.08037	3.7521	1.08037	3.7521	1.8036743	1.5274682	2.1298575
1.8137339	1.08037	3.7521	1.08037	3.7521	1.7767831	1.4616471	2.1600509
1.827897	1.08037	3.7521	1.08037	3.7521	1.7515031	1.3999559	2.1913635
1.8420601	1.08037	3.7521	1.08037	3.7521	1.7260538	1.3721149	2.1712953
1.8562232	1.08037	3.7521	1.08037	3.7521	1.7038487	1.3747557	2.1117904
1.8703863	1.08037	3.7521	1.08037	3.7521	1.689727	1.3902366	2.0537542
1.8845494	1.08037	3.7521	1.08037	3.7521	1.6858254	1.3951654	2.0370443
1.8987124	1.08037	3.7521	1.08037	3.7521	1.6903172	1.3764462	2.0758105
1.9128755	1.08037	3.7521	1.08037	3.7521	1.6985461	1.3419672	2.1498994
1.9270386	1.08037	3.7521	1.08037	3.7521	1.7051758	1.3066671	2.2252367
1.9412017	1.08037	3.7521	1.08037	3.7521	1.7064943	1.2796866	2.2756667
1.9553648	1.08037	3.7521	1.08037	3.7521	1.7019551	1.261937	2.2954203
1.9695279	1.08037	3.7521	1.08037	3.7521	1.6937	1.2476428	2.299227
1.983691	1.08037	3.7521	1.08037	3.7521	1.6847085	1.2280479	2.311211
1.9978541	1.08037	3.7521	1.08037	3.7521	1.6770122	1.1980585	2.3475206
2.0120172	1.08037	3.7521	1.08037	3.7521	1.6708406	1.1600506	2.406683
2.0261803	1.08037	3.7521	1.08037	3.7521	1.665103	1.1207136	2.4740691
2.0403433	1.08037	3.7521	1.08037	3.7521	1.6582812	1.0860248	2.5321642
2.0545064	1.08037	3.7521	1.08037	3.7521	1.6490496	1.0592432	2.5672985
2.0686695	1.08037	3.7521	1.08037	3.7521	1.6361391	1.0411245	2.5712063
2.0828326	1.08037	3.7521	1.08037	3.7521	1.6178477	1.0304709	2.5400506
2.0969957	1.08037	3.7521	1.08037	3.7521	1.5918583	1.0244636	2.4735228
2.1111588	1.08037	3.7521	1.08037	3.7521	1.5560245	1.0194242	2.3751316
2.1253219	1.08037	3.7521	1.08037	3.7521	1.5099407	1.0119156	2.253101
2.139485	1.08037	3.7521	1.08037	3.7521	1.4561089	1.0000937	2.1200708
2.1536481	1.08037	3.7521	1.08037	3.7521	1.3999319	0.9844587	1.990747
2.1678112	1.08037	3.7521	1.08037	3.7521	1.3483887	0.9677935	1.878656
2.1819742	1.08037	3.7521	1.08037	3.7521	1.3080891	0.954068	1.7934914
2.1961373	1.08037	3.7521	1.08037	3.7521	1.2835224	0.9463442	1.7408521
2.2103004	1.08037	3.7521	1.08037	3.7521	1.2765291	0.9452152	1.7239713
2.2244635	1.08037	3.7521	1.08037	3.7521	1.2861921	0.9486665	1.7438068
2.2386266	1.08037	3.7521	1.08037	3.7521	1.3092955	0.9535955	1.7976971
2.2527897	1.08037	3.7521	1.08037	3.7521	1.3410846	0.9574289	1.8785362
2.2669528	1.08037	3.7521	1.08037	3.7521	1.376122	0.958456	1.9758901
2.2811159	1.08037	3.7521	1.08037	3.7521	1.4091059	0.9554189	2.0783288
2.295279	1.08037	3.7521	1.08037	3.7521	1.4355245	0.9474421	2.1751535
2.3094421	1.08037	3.7521	1.08037	3.7521	1.4521855	0.9344128	2.2569448
2.3236052	1.08037	3.7521	1.08037	3.7521	1.4574669	0.917291	2.3157813
2.3377682	1.08037	3.7521	1.08037	3.7521	1.4514096	0.8980473	2.3457548
2.3519313	1.08037	3.7521	1.08037	3.7521	1.4355859	0.8792906	2.3438243
2.3660944	1.08037	3.7521	1.08037	3.7521	1.4127333	0.8637246	2.3106995
2.3802575	1.08037	3.7521	1.08037	3.7521	1.3862518	0.8536073	2.2512597
2.3944206	1.08037	3.7521	1.08037	3.7521	1.3595985	0.8503819	2.1737345
2.4085837	1.08037	3.7521	1.08037	3.7521	1.335696	0.8547442	2.0872752
2.4227468	1.08037	3.7521	1.08037	3.7521	1.3161938	0.8665774	1.9991256
2.4369099	1.08037	3.7521	1.08037	3.7521	1.30124	0.8853279	1.9126293
2.451073	1.08037	3.7521	1.08037	3.7521	1.2897262	0.9096539	1.8287107
2.4652361	1.08037	3.7521	1.08037	3.7521	1.2796544	0.9369117	1.7479218
2.4793991	1.08037	3.7521	1.08037	3.7521	1.2690374	0.9626625	1.6730375
2.4935622	1.08037	3.7521	1.08037	3.7521	1.2565892	0.9809092	1.6098091
2.5077253	1.08037	3.7521	1.08037	3.7521	1.2422139	0.9858576	1.5652386
2.5218884	1.08037	3.7521	1.08037	3.7521	1.2269794	0.9753975	1.5434517
2.5360515	1.08037	3.7521	1.08037	3.7521	1.2127068	0.9533634	1.5426319
2.5502146	1.08037	3.7521	1.08037	3.7521	1.2014461	0.9272053	1.5568234
2.5643777	1.08037	3.7521	1.08037	3.7521	1.1949469	0.9037748	1.5799606
2.5785408	1.08037	3.7521	1.08037	3.7521	1.194487	0.8873806	1.607902
2.5927039	1.08037	3.7521	1.08037	3.7521	1.2007355	0.8799869	1.6383926
2.606867	1.08037	3.7521	1.08037	3.7521	1.2137822	0.8819794	1.670401
2.62103	1.08037	3.7521	1.08037	3.7521	1.2331847	0.8926861	1.7035701
2.6351931	1.08037	3.7521	1.08037	3.7521	1.2579425	0.9105416	1.7378899
2.6493562	1.08037	3.7521	1.08037	3.7521	1.2863291	0.9329762	1.7735161
2.6635193	1.08037	3.7521	1.08037	3.7521	1.3156937	0.9561933	1.8103435
2.6776824	1.08037	3.7521	1.08037	3.7521	1.3425917	0.9756844	1.8474852
2.6918455	1.08037	3.7521	1.08037	3.7521	1.3630093	0.9869221	1.8824205
2.7060086	1.08037	3.7521	1.08037	3.7521	1.3728901	0.9864895	1.9106579
2.7201717	1.08037	3.7521	1.08037	3.7521	1.3690527	0.9729558	1.926414
2.7343348	1.08037	3.7521	1.08037	3.7521	1.3500217	0.9470426	1.9245083
2.7484979	1.08037	3.7521	1.08037	3.7521	1.3165732	0.911119	1.9024746
2.7626609	1.08037	3.7521	1.08037	3.7521	1.2714504	0.8684474	1.8614906
2.776824	1.08037	3.7521	1.08037	3.7521	1.2186417	0.8224908	1.8056061
2.7909871	1.08037	3.7521	1.08037	3.7521	1.1623346	0.776408	1.7400839
2.8051502	1.08037	3.7521	1.08037	3.7521	1.1061006	0.7327063	1.6697883
2.8193133	1.08037	3.7521	1.08037	3.7521	1.0526847	0.6932134	1.5985684
2.8334764	1.08037	3.7521	1.08037	3.7521	1.003685	0.6588924	1.5289115
2.8476395	1.08037	3.7521	1.08037	3.7521	0.9598903	0.6300834	1.4623344
2.8618026	1.08037	3.7521	1.08037	3.7521	0.9214488	0.6066281	1.3996524
2.8759657	1.08037	3.7521	1.08037	3.7521	0.8881206	0.5880637	1.3412837
2.8901288	1.08037	3.7521	1.08037	3.7521	0.8593857	0.5737104	1.287313
2.9042918	1.08037	3.7521	1.08037	3.7521	0.834524	0.5627648	1.2375153
2.9184549	1.08037	3.7521	1.08037	3.7521	0.8128266	0.5545049	1.191498
2.932618	1.08037	3.7521	1.08037	3.7521	0.793617	0.5483101	1.1486769
2.9467811	1.08037	3.7521	1.08037	3.7521	0.7763036	0.5436871	1.108458
2.9609442	1.08037	3.7521	1.08037	3.7521	0.7604091	0.5402474	1.0703035
2.9751073	1.08037	3.7521	1.08037	3.7521	0.7455721	0.5376731	1.0338734
2.9892704	1.08037	3.7521	1.08037	3.7521	0.7315111	0.5357015	0.9989076
3.0034335	1.08037	3.7521	1.08037	3.7521	0.7179757	0.5341653	0.9650528
3.0175966	1.08037	3.7521	1.08037	3.7521	0.7047048	0.533061	0.9316339
3.0317597	1.08037	3.7521	1.08037	3.7521	0.6914171	0.5325589	0.8976796
3.0459227	1.08037	3.7521	1.08037	3.7521	0.6778389	0.5329068	0.8622098
3.0600858	1.08037	3.7521	1.08037	3.7521	0.6637428	0.5342382	0.8246644
3.0742489	1.08037	3.7521	1.08037	3.7521	0.6489633	0.5363916	0.7851805
3.088412	1.08037	3.7521	1.08037	3.7521	0.633389	0.5388429	0.7445363
3.1025751	1.08037	3.7521	1.08037	3.7521	0.6169434	0.5407554	0.7038689
3.1167382	1.08037	3.7521	1.08037	3.7521	0.5995763	0.5410669	0.6644185
3.1309013	1.08037	3.7521	1.08037	3.7521	0.5813151	0.5385638	0.6274695
3.1450644	1.08037	3.7521	1.08037	3.7521	0.5622799	0.5316379	0.594695
3.1592275	1.08037	3.7521	1.08037	3.7521	0.5426973	0.5180375	0.5685321
3.1733906	1.08037	3.7521	1.08037	3.7521	0.5228906	0.4973243	0.549773
3.1875536	1.08037	3.7521	1.08037	3.7521	0.503229	0.4730515	0.5353382
3.2017167	1.08037	3.7521	1.08037	3.7521	0.4841396	0.4487037	0.5223811
3.2158798	1.08037	3.7521	1.08037	3.7521	0.465977	0.4257819	0.5099724
3.2300429	1.08037	3.7521	1.08037	3.7521	0.4490525	0.4047182	0.4982498
3.244206	1.08037	3.7521	1.08037	3.7521	0.4336097	0.3854878	0.4877456
3.2583691	1.08037	3.7521	1.08037	3.7521	0.4198207	0.3679118	0.4790604
3.2725322	1.08037	3.7521	1.08037	3.7521	0.4077957	0.3518369	0.4726611
3.2866953	1.08037	3.7521	1.08037	3.7521	0.3975879	0.3372325	0.4687521
3.3008584	1.08037	3.7521	1.08037	3.7521	0.3892003	0.3241978	0.4672421
3.3150215	1.08037	3.7521	1.08037	3.7521	0.382585	0.312904	0.467788
3.3291845	1.08037	3.7521	1.08037	3.7521	0.3776468	0.3035229	0.4698749
3.3433476	1.08037	3.7521	1.08037	3.7521	0.3742428	0.2961606	0.472911
3.3575107	1.08037	3.7521	1.08037	3.7521	0.3722061	0.2908528	0.4763144
3.3716738	1.08037	3.7521	1.08037	3.7521	0.3712962	0.2874679	0.4795719
3.3858369	1.08037	3.7521	1.08037	3.7521	0.3712711	0.2857933	0.4823156
3.4	1.08037	3.7521	1.08037	3.7521	0.3718774	0.2855413	0.4843184
3.4141631	1.08037	3.7521	1.08037	3.7521	0.3728625	0.2863732	0.4854721
3.4283262	1.08037	3.7521	1.08037	3.7521	0.3739808	0.2879321	0.4857461
3.4424893	1.08037	3.7521	1.08037	3.7521	0.3750056	0.2898726	0.4851415
3.4566524	1.08037	3.7521	1.08037	3.7521	0.3757316	0.2918785	0.483675
3.4708155	1.08037	3.7521	1.08037	3.7521	0.3759861	0.2936541	0.4814028
3.4849785	1.08037	3.7521	1.08037	3.7521	0.3756365	0.2949007	0.4784769
3.4991416	1.08037	3.7521	1.08037	3.7521	0.3745969	0.2952808	0.475219
3.5133047	1.08037	3.7521	1.08037	3.7521	0.3728325	0.2944068	0.4721494
3.5274678	1.08037	3.7521	1.08037	3.7521	0.3703571	0.2918832	0.4699305
3.5416309	1.08037	3.7521	1.08037	3.7521	0.3672224	0.2874186	0.469185
3.555794	1.08037	3.7521	1.08037	3.7521	0.3634987	0.2809731	0.4702665
3.5699571	1.08037	3.7521	1.08037	3.7521	0.3592733	0.2728481	0.4730764
3.5841202	1.08037	3.7521	1.08037	3.7521	0.3546208	0.2636022	0.4770664
3.5982833	1.08037	3.7521	1.08037	3.7521	0.349609	0.2539211	0.4813593
3.6124464	1.08037	3.7521	1.08037	3.7521	0.3443153	0.2444516	0.4849841
3.6266094	1.08037	3.7521	1.08037	3.7521	0.3388275	0.2356901	0.4871058
3.6407725	1.08037	3.7521	1.08037	3.7521	0.3332615	0.2279783	0.4871711
3.6549356	1.08037	3.7521	1.08037	3.7521	0.3277676	0.2215097	0.4849979
3.6690987	1.08037	3.7521	1.08037	3.7521	0.3225275	0.21637	0.4807693
3.6832618	1.08037	3.7521	1.08037	3.7521	0.3177389	0.2125656	0.4749489
3.6974249	1.08037	3.7521	1.08037	3.7521	0.3135935	0.21006	0.4681571
3.711588	1.08037	3.7521	1.08037	3.7521	0.3102601	0.208789	0.4610462
3.7257511	1.08037	3.7521	1.08037	3.7521	0.3078655	0.2086718	0.4542131
3.7399142	1.08037	3.7521	1.08037	3.7521	0.3064914	0.2096103	0.4481524
3.7540773	1.08037	3.7521	1.08037	3.7521	0.3061678	0.2114876	0.4432367
3.7682403	1.08037	3.7521	1.08037	3.7521	0.3068793	0.2141702	0.4397211
3.7824034	1.08037	3.7521	1.08037	3.7521	0.3085683	0.2175092	0.4377501
3.7965665	1.08037	3.7521	1.08037	3.7521	0.3111462	0.2213587	0.4373538
3.8107296	1.08037	3.7521	1.08037	3.7521	0.3144974	0.2255871	0.4384501
3.8248927	1.08037	3.7521	1.08037	3.7521	0.3184973	0.230102	0.4408505
3.8390558	1.08037	3.7521	1.08037	3.7521	0.3230064	0.2348549	0.4442462
3.8532189	1.08037	3.7521	1.08037	3.7521	0.3278863	0.2398442	0.448248
3.867382	1.08037	3.7521	1.08037	3.7521	0.3330109	0.245106	0.452443
3.8815451	1.08037	3.7521	1.08037	3.7521	0.3382675	0.2506861	0.4564485
3.8957082	1.08037	3.7521	1.08037	3.7521	0.3435598	0.2566145	0.4599652
3.9098712	1.08037	3.7521	1.08037	3.7521	0.3488088	0.2628774	0.4628329
3.9240343	1.08037	3.7521	1.08037	3.7521	0.3539543	0.2693956	0.4650573
3.9381974	1.08037	3.7521	1.08037	3.7521	0.3589433	0.2760052	0.4668077
3.9523605	1.08037	3.7521	1.08037	3.7521	0.3637357	0.2824675	0.4683869
3.9665236	1.08037	3.7521	1.08037	3.7521	0.3683002	0.2885077	0.4701619
3.9806867	1.08037	3.7521	1.08037	3.7521	0.372611	0.293855	0.4724739
3.9948498	1.08037	3.7521	1.08037	3.7521	0.3766475	0.2983162	0.4755468
4.0090129	1.08037	3.7521	1.08037	3.7521	0.3803951	0.3018163	0.4794329
4.023176	1.08037	3.7521	1.08037	3.7521	0.383848	0.30441	0.4840154
4.0373391	1.08037	3.7521	1.08037	3.7521	0.3870052	0.3062429	0.4890658
4.0515021	1.08037	3.7521	1.08037	3.7521	0.3898751	0.3074984	0.4943206
4.0656652	1.08037	3.7521	1.08037	3.7521	0.3924691	0.3083426	0.4995488
4.0798283	1.08037	3.7521	1.08037	3.7521	0.394808	0.3089073	0.5045971
4.0939914	1.08037	3.7521	1.08037	3.7521	0.3969148	0.3092711	0.5093952
4.1081545	1.08037	3.7521	1.08037	3.7521	0.3988102	0.3094763	0.5139323
4.1223176	1.08037	3.7521	1.08037	3.7521	0.4005171	0.3095417	0.5182314
4.1364807	1.08037	3.7521	1.08037	3.7521	0.4020568	0.3094829	0.5223235
4.1506438	1.08037	3.7521	1.08037	3.7521	0.4034469	0.3093178	0.5262213
4.1648069	1.08037	3.7521	1.08037	3.7521	0.4046999	0.3090718	0.5299151
4.17897	1.08037	3.7521	1.08037	3.7521	0.4058228	0.3087792	0.5333653
4.193133	1.08037	3.7521	1.08037	3.7521	0.4068156	0.3084748	0.5365068
4.2072961	1.08037	3.7521	1.08037	3.7521	0.4076677	0.3081908	0.539254
4.2214592	1.08037	3.7521	1.08037	3.7521	0.4083591	0.3079489	0.5415094
4.2356223	1.08037	3.7521	1.08037	3.7521	0.4088587	0.30776	0.5431667
4.2497854	1.08037	3.7521	1.08037	3.7521	0.4091235	0.3076205	0.5441185
4.2639485	1.08037	3.7521	1.08037	3.7521	0.4091048	0.3075142	0.5442561
4.2781116	1.08037	3.7521	1.08037	3.7521	0.408747	0.3074178	0.543477
4.2922747	1.08037	3.7521	1.08037	3.7521	0.4079969	0.3073021	0.5416852
4.3064378	1.08037	3.7521	1.08037	3.7521	0.4067944	0.3071425	0.5387791
4.3206009	1.08037	3.7521	1.08037	3.7521	0.4051117	0.3069201	0.5347179
4.3347639	1.08037	3.7521	1.08037	3.7521	0.4029283	0.30663	0.5294694
4.348927	1.08037	3.7521	1.08037	3.7521	0.400246	0.3062839	0.5230341
4.3630901	1.08037	3.7521	1.08037	3.7521	0.3970918	0.3059109	0.5154528
4.3772532	1.08037	3.7521	1.08037	3.7521	0.3935203	0.3055575	0.5068076
4.3914163	1.08037	3.7521	1.08037	3.7521	0.3896092	0.3052887	0.497221
4.4055794	1.08037	3.7521	1.08037	3.7521	0.3854578	0.3051794	0.4868573
4.4197425	1.08037	3.7521	1.08037	3.7521	0.3811842	0.3053122	0.4759152
4.4339056	1.08037	3.7521	1.08037	3.7521	0.3769171	0.3057705	0.4646229
4.4480687	1.08037	3.7521	1.08037	3.7521	0.3727877	0.3066287	0.453227
4.4622318	1.08037	3.7521	1.08037	3.7521	0.3689274	0.3079498	0.4419846
4.4763948	1.08037	3.7521	1.08037	3.7521	0.3654572	0.3097744	0.4311534
4.4905579	1.08037	3.7521	1.08037	3.7521	0.3624841	0.3121152	0.4209866
4.504721	1.08037	3.7521	1.08037	3.7521	0.3600992	0.3149478	0.4117252
4.5188841	1.08037	3.7521	1.08037	3.7521	0.35837	0.3182052	0.4036049
4.5330472	1.08037	3.7521	1.08037	3.7521	0.3573469	0.3217621	0.3968676
4.5472103	1.08037	3.7521	1.08037	3.7521	0.3570594	0.3254277	0.3917668
4.5613734	1.08037	3.7521	1.08037	3.7521	0.3575008	0.3289489	0.3885307
4.5755365	1.08037	3.7521	1.08037	3.7521	0.3586492	0.332063	0.3873655
4.5896996	1.08037	3.7521	1.08037	3.7521	0.3604645	0.3345764	0.388356
4.6038627	1.08037	3.7521	1.08037	3.7521	0.3628864	0.3364564	0.3913922
4.6180258	1.08037	3.7521	1.08037	3.7521	0.3658368	0.3378125	0.3961858
4.6321888	1.08037	3.7521	1.08037	3.7521	0.369224	0.3388043	0.4023765
4.6463519	1.08037	3.7521	1.08037	3.7521	0.3729445	0.339539	0.4096394
4.660515	1.08037	3.7521	1.08037	3.7521	0.3768853	0.340037	0.4177285
4.6746781	1.08037	3.7521	1.08037	3.7521	0.3809278	0.3402435	0.4264798
4.6888412	1.08037	3.7521	1.08037	3.7521	0.3849526	0.3400567	0.4357793
4.7030043	1.08037	3.7521	1.08037	3.7521	0.3888402	0.3393621	0.445535
4.7171674	1.08037	3.7521	1.08037	3.7521	0.3924804	0.3380566	0.4556701
4.7313305	1.08037	3.7521	1.08037	3.7521	0.3957752	0.3360719	0.4660877
4.7454936	1.08037	3.7521	1.08037	3.7521	0.3986354	0.3333826	0.476664
4.7596567	1.08037	3.7521	1.08037	3.7521	0.4009946	0.3300082	0.4872503
4.7738197	1.08037	3.7521	1.08037	3.7521	0.4027948	0.3260034	0.4976759
4.7879828	1.08037	3.7521	1.08037	3.7521	0.4040102	0.3214629	0.5077578
4.8021459	1.08037	3.7521	1.08037	3.7521	0.4046379	0.3164981	0.5173283
4.816309	1.08037	3.7521	1.08037	3.7521	0.404695	0.311229	0.5262353
4.8304721	1.08037	3.7521	1.08037	3.7521	0.4042174	0.3057724	0.5343646
4.8446352	1.08037	3.7521	1.08037	3.7521	0.4032608	0.3002402	0.5416389
4.8587983	1.08037	3.7521	1.08037	3.7521	0.4018962	0.294734	0.548029
4.8729614	1.08037	3.7521	1.08037	3.7521	0.4002061	0.2893445	0.5535499
4.8871245	1.08037	3.7521	1.08037	3.7521	0.3982801	0.2841497	0.5582569
4.9012876	1.08037	3.7521	1.08037	3.7521	0.3962128	0.2792154	0.5622405
4.9154506	1.08037	3.7521	1.08037	3.7521	0.3941013	0.2745969	0.5656171
4.9296137	1.08037	3.7521	1.08037	3.7521	0.392039	0.2703421	0.5685218
4.9437768	1.08037	3.7521	1.08037	3.7521	0.3901173	0.2664903	0.5710979
4.9579399	1.08037	3.7521	1.08037	3.7521	0.3884229	0.2630777	0.5734929
4.972103	1.08037	3.7521	1.08037	3.7521	0.3870387	0.2601372	0.575846
4.9862661	1.08037	3.7521	1.08037	3.7521	0.3860384	0.2577023	0.5782882
5.0004292	1.08037	3.7521	1.08037	3.7521	0.3854943	0.2558059	0.580932
5.0145923	1.08037	3.7521	1.08037	3.7521	0.3854766	0.2544918	0.5838771
5.0287554	1.08037	3.7521	1.08037	3.7521	0.3860375	0.2537945	0.5871888
5.0429185	1.08037	3.7521	1.08037	3.7521	0.3872272	0.2537522	0.59091
5.0570815	1.08037	3.7521	1.08037	3.7521	0.3890868	0.2544097	0.5950587
5.0712446	1.08037	3.7521	1.08037	3.7521	0.3916471	0.2558077	0.5996196
5.0854077	1.08037	3.7521	1.08037	3.7521	0.3949292	0.2579882	0.6045576
5.0995708	1.08037	3.7521	1.08037	3.7521	0.3989406	0.2609865	0.6098167
5.1137339	1.08037	3.7521	1.08037	3.7521	0.4036753	0.2648283	0.6153205
5.127897	1.08037	3.7521	1.08037	3.7521	0.4091105	0.2695286	0.6209792
5.1420601	1.08037	3.7521	1.08037	3.7521	0.415206	0.2750867	0.6266991
5.1562232	1.08037	3.7521	1.08037	3.7521	0.4219057	0.2814826	0.6323832
5.1703863	1.08037	3.7521	1.08037	3.7521	0.4291354	0.2886753	0.6379413
5.1845494	1.08037	3.7521	1.08037	3.7521	0.4368077	0.296602	0.643294
5.1987124	1.08037	3.7521	1.08037	3.7521	0.4448232	0.3051736	0.6483785
5.2128755	1.08037	3.7521	1.08037	3.7521	0.4530706	0.3142811	0.6531522
5.2270386	1.08037	3.7521	1.08037	3.7521	0.461435	0.3237928	0.6575889
5.2412017	1.08037	3.7521	1.08037	3.7521	0.4697986	0.3335586	0.6616865
5.2553648	1.08037	3.7521	1.08037	3.7521	0.4780453	0.3434163	0.6654542
5.2695279	1.08037	3.7521	1.08037	3.7521	0.4860656	0.3531947	0.6689261
5.283691	1.08037	3.7521	1.08037	3.7521	0.4937647	0.3627298	0.6721381
5.2978541	1.08037	3.7521	1.08037	3.7521	0.5010604	0.3718721	0.6751332
5.3120172	1.08037	3.7521	1.08037	3.7521	0.5078896	0.380487	0.6779545
5.3261803	1.08037	3.7521	1.08037	3.7521	0.5142083	0.3884702	0.6806482
5.3403433	1.08037	3.7521	1.08037	3.7521	0.5199972	0.395744	0.6832648
5.3545064	1.08037	3.7521	1.08037	3.7521	0.5252581	0.4022608	0.6858653
5.3686695	1.08037	3.7521	1.08037	3.7521	0.5300162	0.4079979	0.6885261
5.3828326	1.08037	3.7521	1.08037	3.7521	0.5343162	0.4129568	0.691342
5.3969957	1.08037	3.7521	1.08037	3.7521	0.5382216	0.4171523	0.6944282
5.4111588	1.08037	3.7521	1.08037	3.7521	0.541806	0.4206136	0.6979171
5.4253219	1.08037	3.7521	1.08037	3.7521	0.5451535	0.4233825	0.7019471
5.439485	1.08037	3.7521	1.08037	3.7521	0.5483422	0.4255043	0.7066411
5.4536481	1.08037	3.7521	1.08037	3.7521	0.5514515	0.4270434	0.7121032
5.4678112	1.08037	3.7521	1.08037	3.7521	0.5545506	0.428075	0.7183935
5.4819742	1.08037	3.7521	1.08037	3.7521	0.5576928	0.4286866	0.7255219
5.4961373	1.08037	3.7521	1.08037	3.7521	0.5609136	0.4289794	0.7334264
5.5103004	1.08037	3.7521	1.08037	3.7521	0.5642264	0.4290678	0.7419612
5.5244635	1.08037	3.7521	1.08037	3.7521	0.5676186	0.4290636	0.7509175
5.5386266	1.08037	3.7521	1.08037	3.7521	0.5710561	0.4290765	0.7600176
5.5527897	1.08037	3.7521	1.08037	3.7521	0.5744809	0.4292101	0.7689214
5.5669528	1.08037	3.7521	1.08037	3.7521	0.5778133	0.4295556	0.7772418
5.5811159	1.08037	3.7521	1.08037	3.7521	0.5809526	0.430187	0.7845575
5.595279	1.08037	3.7521	1.08037	3.7521	0.5837876	0.4311608	0.7904425
5.6094421	1.08037	3.7521	1.08037	3.7521	0.5861963	0.4325098	0.7944932
5.6236052	1.08037	3.7521	1.08037	3.7521	0.588059	0.4342377	0.7963693
5.6377682	1.08037	3.7521	1.08037	3.7521	0.5892641	0.4363163	0.7958273
5.6519313	1.08037	3.7521	1.08037	3.7521	0.5897165	0.4386772	0.7927605
5.6660944	1.08037	3.7521	1.08037	3.7521	0.5893466	0.4412106	0.7872214
5.6802575	1.08037	3.7521	1.08037	3.7521	0.5881164	0.4437583	0.7794365
5.6944206	1.08037	3.7521	1.08037	3.7521	0.5860176	0.4461157	0.7697932
5.7085837	1.08037	3.7521	1.08037	3.7521	0.5830755	0.4480374	0.7588134
5.7227468	1.08037	3.7521	1.08037	3.7521	0.5793372	0.4492419	0.7471068
5.7369099	1.08037	3.7521	1.08037	3.7521	0.5748893	0.4494613	0.7353214
5.751073	1.08037	3.7521	1.08037	3.7521	0.5698347	0.4484736	0.7240393
5.7652361	1.08037	3.7521	1.08037	3.7521	0.564284	0.4461402	0.7137146
5.7793991	1.08037	3.7521	1.08037	3.7521	0.5583557	0.442448	0.7046286
5.7935622	1.08037	3.7521	1.08037	3.7521	0.5521682	0.4375209	0.6968568
5.8077253	1.08037	3.7521	1.08037	3.7521	0.5458436	0.4316134	0.6903071
5.8218884	1.08037	3.7521	1.08037	3.7521	0.5394993	0.4250607	0.6847496
5.8360515	1.08037	3.7521	1.08037	3.7521	0.5332429	0.4182281	0.6798885
5.8502146	1.08037	3.7521	1.08037	3.7521	0.5271755	0.4114675	0.6754223
5.8643777	1.08037	3.7521	1.08037	3.7521	0.5213883	0.4050845	0.6710849
5.8785408	1.08037	3.7521	1.08037	3.7521	0.5159617	0.3993221	0.6666723
5.8927039	1.08037	3.7521	1.08037	3.7521	0.5109653	0.3943597	0.6620499
5.906867	1.08037	3.7521	1.08037	3.7521	0.5064527	0.3903115	0.6571534
5.92103	1.08037	3.7521	1.08037	3.7521	0.5024655	0.3872383	0.6519801
5.9351931	1.08037	3.7521	1.08037	3.7521	0.4990282	0.3851487	0.6465795
5.9493562	1.08037	3.7521	1.08037	3.7521	0.4961522	0.3840105	0.6410426
5.9635193	1.08037	3.7521	1.08037	3.7521	0.4938413	0.3837657	0.6354905
5.9776824	1.08037	3.7521	1.08037	3.7521	0.4920671	0.3842942	0.6300658
5.9918455	1.08037	3.7521	1.08037	3.7521	0.4907984	0.3854632	0.6249196
6.0060086	1.08037	3.7521	1.08037	3.7521	0.4899907	0.3871164	0.6202048
6.0201717	1.08037	3.7521	1.08037	3.7521	0.4895906	0.3890782	0.6160698
6.0343348	1.08037	3.7521	1.08037	3.7521	0.4895374	0.3911643	0.6126504
6.0484979	1.08037	3.7521	1.08037	3.7521	0.4897639	0.393187	0.6100634
6.0626609	1.08037	3.7521	1.08037	3.7521	0.4902008	0.394969	0.608394
6.076824	1.08037	3.7521	1.08037	3.7521	0.4907773	0.3963566	0.6076902
6.0909871	1.08037	3.7521	1.08037	3.7521	0.4914223	0.3972275	0.6079531
6.1051502	1.08037	3.7521	1.08037	3.7521	0.4920707	0.3975045	0.6091338
6.1193133	1.08037	3.7521	1.08037	3.7521	0.4926593	0.3971531	0.6111329
6.1334764	1.08037	3.7521	1.08037	3.7521	0.4931347	0.3961838	0.613812
6.1476395	1.08037	3.7521	1.08037	3.7521	0.4934498	0.3946401	0.6170012
6.1618026	1.08037	3.7521	1.08037	3.7521	0.4935678	0.3925917	0.6205151
6.1759657	1.08037	3.7521	1.08037	3.7521	0.4934591	0.3901214	0.6241694
6.1901288	1.08037	3.7521	1.08037	3.7521	0.493106	0.3873225	0.6277804
6.2042918	1.08037	3.7521	1.08037	3.7521	0.4924987	0.3842834	0.6311903
6.2184549	1.08037	3.7521	1.08037	3.7521	0.4916431	0.381092	0.6342654
6.232618	1.08037	3.7521	1.08037	3.7521	0.4905488	0.3778241	0.6369068
6.2467811	1.08037	3.7521	1.08037	3.7521	0.4892346	0.3745468	0.639041
6.2609442	1.08037	3.7521	1.08037	3.7521	0.4877245	0.371315	0.6406296
6.2751073	1.08037	3.7521	1.08037	3.7521	0.4860469	0.3681713	0.6416637
6.2892704	1.08037	3.7521	1.08037	3.7521	0.4842334	0.3651459	0.642161
6.3034335	1.08037	3.7521	1.08037	3.7521	0.4823186	0.3622574	0.6421702
6.3175966	1.08037	3.7521	1.08037	3.7521	0.4803344	0.3595128	0.6417613
6.3317597	1.08037	3.7521	1.08037	3.7521	0.4783145	0.356904	0.6410264
6.3459227	1.08037	3.7521	1.08037	3.7521	0.4762891	0.3544133	0.640076
6.3600858	1.08037	3.7521	1.08037	3.7521	0.474286	0.3520129	0.6390319
6.3742489	1.08037	3.7521	1.08037	3.7521	0.4723296	0.3496657	0.6380248
6.388412	1.08037	3.7521	1.08037	3.7521	0.4704399	0.3473282	0.6371895
6.4025751	1.08037	3.7521	1.08037	3.7521	0.4686337	0.3449556	0.6366537
6.4167382	1.08037	3.7521	1.08037	3.7521	0.466922	0.3425037	0.6365369
6.4309013	1.08037	3.7521	1.08037	3.7521	0.4653155	0.3399331	0.6369441
6.4450644	1.08037	3.7521	1.08037	3.7521	0.4638151	0.337212	0.6379514
6.4592275	1.08037	3.7521	1.08037	3.7521	0.4624227	0.334325	0.6396015
6.4733906	1.08037	3.7521	1.08037	3.7521	0.4611342	0.331271	0.641907
6.4875536	1.08037	3.7521	1.08037	3.7521	0.4599441	0.3280631	0.6448432
6.5017167	1.08037	3.7521	1.08037	3.7521	0.4588445	0.3247285	0.6483546
6.5158798	1.08037	3.7521	1.08037	3.7521	0.4578263	0.3213084	0.6523512
6.5300429	1.08037	3.7521	1.08037	3.7521	0.456878	0.317853	0.6567148
6.544206	1.08037	3.7521	1.08037	3.7521	0.4559884	0.3144164	0.661309
6.5583691	1.08037	3.7521	1.08037	3.7521	0.4551465	0.3110642	0.6659699
6.5725322	1.08037	3.7521	1.08037	3.7521	0.4543422	0.3078555	0.6705338
6.5866953	1.08037	3.7521	1.08037	3.7521	0.4535639	0.3048493	0.674829
6.6008584	1.08037	3.7521	1.08037	3.7521	0.4528045	0.3020996	0.6786901
6.6150215	1.08037	3.7521	1.08037	3.7521	0.4520567	0.2996591	0.6819596
6.6291845	1.08037	3.7521	1.08037	3.7521	0.4513171	0.2975721	0.6844976
6.6433476	1.08037	3.7521	1.08037	3.7521	0.4505849	0.2958772	0.6861847
6.6575107	1.08037	3.7521	1.08037	3.7521	0.4498594	0.294606	0.6869299
6.6716738	1.08037	3.7521	1.08037	3.7521	0.4491473	0.2937909	0.6866573
6.6858369	1.08037	3.7521	1.08037	3.7521	0.4484568	0.2934473	0.6853471
6.7	1.08037	3.7521	1.08037	3.7521	0.4477968	0.2935864	0.683007
6.7141631	1.08037	3.7521	1.08037	3.7521	0.4471817	0.2942168	0.6796739
6.7283262	1.08037	3.7521	1.08037	3.7521	0.446627	0.2953391	0.6754133
6.7424893	1.08037	3.7521	1.08037	3.7521	0.446149	0.2969482	0.6703176
6.7566524	1.08037	3.7521	1.08037	3.7521	0.4457663	0.2990347	0.6645002
6.7708155	1.08037	3.7521	1.08037	3.7521	0.4454964	0.3015819	0.6580912
6.7849785	1.08037	3.7521	1.08037	3.7521	0.4453564	0.3045672	0.6512322
6.7991416	1.08037	3.7521	1.08037	3.7521	0.445362	0.3079611	0.644072
6.8133047	1.08037	3.7521	1.08037	3.7521	0.4455264	0.3117264	0.6367629
6.8274678	1.08037	3.7521	1.08037	3.7521	0.4458598	0.3158186	0.6294534
6.8416309	1.08037	3.7521	1.08037	3.7521	0.4463705	0.3201854	0.6222899
6.855794	1.08037	3.7521	1.08037	3.7521	0.4470609	0.324767	0.6154102
6.8699571	1.08037	3.7521	1.08037	3.7521	0.4479308	0.3294952	0.6089417
6.8841202	1.08037	3.7521	1.08037	3.7521	0.4489771	0.3342979	0.6029988
6.8982833	1.08037	3.7521	1.08037	3.7521	0.4501907	0.3390966	0.5976824
6.9124464	1.08037	3.7521	1.08037	3.7521	0.4515618	0.3438095	0.5930842
6.9266094	1.08037	3.7521	1.08037	3.7521	0.4530726	0.3483653	0.5892515
6.9407725	1.08037	3.7521	1.08037	3.7521	0.4547018	0.3526889	0.5862227
6.9549356	1.08037	3.7521	1.08037	3.7521	0.4564295	0.3567248	0.5840026
6.9690987	1.08037	3.7521	1.08037	3.7521	0.458231	0.3604323	0.5825679
6.9832618	1.08037	3.7521	1.08037	3.7521	0.460082	0.3637864	0.5818681
6.9974249	1.08037	3.7521	1.08037	3.7521	0.4619553	0.366781	0.5818259
7.011588	1.08037	3.7521	1.08037	3.7521	0.4638243	0.3694284	0.5823398
7.0257511	1.08037	3.7521	1.08037	3.7521	0.4656629	0.3717547	0.5832931
7.0399142	1.08037	3.7521	1.08037	3.7521	0.4674449	0.3737955	0.5845564
7.0540773	1.08037	3.7521	1.08037	3.7521	0.4691453	0.3755937	0.5859982
7.0682403	1.08037	3.7521	1.08037	3.7521	0.4707413	0.3771947	0.587489
7.0824034	1.08037	3.7521	1.08037	3.7521	0.4722124	0.3786419	0.588906
7.0965665	1.08037	3.7521	1.08037	3.7521	0.4735397	0.3799776	0.5901392
7.1107296	1.08037	3.7521	1.08037	3.7521	0.4747072	0.3812384	0.5910918
7.1248927	1.08037	3.7521	1.08037	3.7521	0.4757032	0.382457	0.5916826
7.1390558	1.08037	3.7521	1.08037	3.7521	0.4765167	0.3836619	0.5918455
7.1532189	1.08037	3.7521	1.08037	3.7521	0.477143	0.3848741	0.5915318
7.167382	1.08037	3.7521	1.08037	3.7521	0.4775814	0.3861133	0.5907166
7.1815451	1.08037	3.7521	1.08037	3.7521	0.4778341	0.3873911	0.5893937
7.1957082	1.08037	3.7521	1.08037	3.7521	0.4779087	0.3887147	0.5875694
7.2098712	1.08037	3.7521	1.08037	3.7521	0.4778153	0.3900873	0.5852734
7.2240343	1.08037	3.7521	1.08037	3.7521	0.4775672	0.391505	0.5825487
7.2381974	1.08037	3.7521	1.08037	3.7521	0.4771812	0.3929567	0.5794589
7.2523605	1.08037	3.7521	1.08037	3.7521	0.4766765	0.3944261	0.5760799
7.2665236	1.08037	3.7521	1.08037	3.7521	0.476074	0.395887	0.5725034
7.2806867	1.08037	3.7521	1.08037	3.7521	0.4753954	0.3973058	0.5688334
7.2948498	1.08037	3.7521	1.08037	3.7521	0.4746638	0.3986442	0.5651805
7.3090129	1.08037	3.7521	1.08037	3.7521	0.4739017	0.3998496	0.5616688
7.323176	1.08037	3.7521	1.08037	3.7521	0.4731311	0.4008696	0.5584184
7.3373391	1.08037	3.7521	1.08037	3.7521	0.4723716	0.4016474	0.5555495
7.3515021	1.08037	3.7521	1.08037	3.7521	0.4716424	0.4021259	0.5531769
7.3656652	1.08037	3.7521	1.08037	3.7521	0.4709596	0.4022561	0.5513991
7.3798283	1.08037	3.7521	1.08037	3.7521	0.4703396	0.401995	0.5503035
7.3939914	1.08037	3.7521	1.08037	3.7521	0.4697941	0.4013254	0.5499424
7.4081545	1.08037	3.7521	1.08037	3.7521	0.469332	0.4002501	0.5503367
7.4223176	1.08037	3.7521	1.08037	3.7521	0.4689617	0.3987911	0.5514805
7.4364807	1.08037	3.7521	1.08037	3.7521	0.4686902	0.3969899	0.5533404
7.4506438	1.08037	3.7521	1.08037	3.7521	0.4685209	0.3949045	0.5558618
7.4648069	1.08037	3.7521	1.08037	3.7521	0.4684572	0.3926007	0.5589722
7.47897	1.08037	3.7521	1.08037	3.7521	0.4685016	0.3901505	0.5625886
7.493133	1.08037	3.7521	1.08037	3.7521	0.4686538	0.3876255	0.5666217
7.5072961	1.08037	3.7521	1.08037	3.7521	0.4689146	0.3850956	0.570979
7.5214592	1.08037	3.7521	1.08037	3.7521	0.4692839	0.3826266	0.5755681
7.5356223	1.08037	3.7521	1.08037	3.7521	0.4697609	0.3802789	0.5803001
7.5497854	1.08037	3.7521	1.08037	3.7521	0.4703454	0.3781074	0.5850859
7.5639485	1.08037	3.7521	1.08037	3.7521	0.4710366	0.3761612	0.5898434
7.5781116	1.08037	3.7521	1.08037	3.7521	0.4718351	0.3744836	0.5944938
7.5922747	1.08037	3.7521	1.08037	3.7521	0.4727389	0.3731154	0.598963
7.6064378	1.08037	3.7521	1.08037	3.7521	0.4737489	0.372089	0.6031826
7.6206009	1.08037	3.7521	1.08037	3.7521	0.4748667	0.3714423	0.6070895
7.6347639	1.08037	3.7521	1.08037	3.7521	0.4760918	0.3711944	0.6106316
7.648927	1.08037	3.7521	1.08037	3.7521	0.4774249	0.3713688	0.6137676
7.6630901	1.08037	3.7521	1.08037	3.7521	0.4788679	0.371983	0.6164647
7.6772532	1.08037	3.7521	1.08037	3.7521	0.4804211	0.3730491	0.6186972
7.6914163	1.08037	3.7521	1.08037	3.7521	0.4820873	0.3745792	0.6204526
7.7055794	1.08037	3.7521	1.08037	3.7521	0.4838699	0.3765784	0.6217294
7.7197425	1.08037	3.7521	1.08037	3.7521	0.48577	0.3790506	0.6225368
7.7339056	1.08037	3.7521	1.08037	3.7521	0.487792	0.3819928	0.6228943
7.7480687	1.08037	3.7521	1.08037	3.7521	0.489938	0.385401	0.6228304
7.7622318	1.08037	3.7521	1.08037	3.7521	0.4922117	0.3892662	0.622383
7.7763948	1.08037	3.7521	1.08037	3.7521	0.4946164	0.3935746	0.6215988
7.7905579	1.08037	3.7521	1.08037	3.7521	0.4971531	0.3983096	0.6205286
7.804721	1.08037	3.7521	1.08037	3.7521	0.4998263	0.403447	0.6192317
7.8188841	1.08037	3.7521	1.08037	3.7521	0.502635	0.408959	0.6177696
7.8330472	1.08037	3.7521	1.08037	3.7521	0.5055808	0.4148124	0.6162109
7.8472103	1.08037	3.7521	1.08037	3.7521	0.5086615	0.420967	0.6146249
7.8613734	1.08037	3.7521	1.08037	3.7521	0.5118765	0.427376	0.6130853
7.8755365	1.08037	3.7521	1.08037	3.7521	0.5152185	0.4339772	0.6116691
7.8896996	1.08037	3.7521	1.08037	3.7521	0.5186812	0.4407056	0.6104544
7.9038627	1.08037	3.7521	1.08037	3.7521	0.5222557	0.4474849	0.6095219
7.9180258	1.08037	3.7521	1.08037	3.7521	0.5259313	0.4542301	0.6089521
7.9321888	1.08037	3.7521	1.08037	3.7521	0.5296949	0.4608487	0.6088277
7.9463519	1.08037	3.7521	1.08037	3.7521	0.5335317	0.4672429	0.6092264
7.960515	1.08037	3.7521	1.08037	3.7521	0.5374252	0.4733157	0.6102194
7.9746781	1.08037	3.7521	1.08037	3.7521	0.5413567	0.4789766	0.6118619
7.9888412	1.08037	3.7521	1.08037	3.7521	0.545307	0.4841503	0.614189
8.0030043	1.08037	3.7521	1.08037	3.7521	0.549255	0.4887859	0.6172051
8.0171674	1.08037	3.7521	1.08037	3.7521	0.5531795	0.4928593	0.6208822
8.0313305	1.08037	3.7521	1.08037	3.7521	0.5570602	0.4963807	0.6251576
8.0454936	1.08037	3.7521	1.08037	3.7521	0.5608766	0.4993842	0.6299417
8.0596567	1.08037	3.7521	1.08037	3.7521	0.5646057	0.5019222	0.6351185
8.0738197	1.08037	3.7521	1.08037	3.7521	0.5682319	0.504064	0.6405674
8.0879828	1.08037	3.7521	1.08037	3.7521	0.5717357	0.5058788	0.6461658
8.1021459	1.08037	3.7521	1.08037	3.7521	0.5751039	0.5074351	0.6517963
8.116309	1.08037	3.7521	1.08037	3.7521	0.578326	0.508798	0.6573555
8.1304721	1.08037	3.7521	1.08037	3.7521	0.581394	0.5100184	0.6627588
8.1446352	1.08037	3.7521	1.08037	3.7521	0.5843029	0.5111383	0.6679395
8.1587983	1.08037	3.7521	1.08037	3.7521	0.5870508	0.5121908	0.6728511
8.1729614	1.08037	3.7521	1.08037	3.7521	0.5896394	0.5131987	0.6774655
8.1871245	1.08037	3.7521	1.08037	3.7521	0.5920738	0.5141769	0.6817724
8.2012876	1.08037	3.7521	1.08037	3.7521	0.5943623	0.5151327	0.6857784
8.2154506	1.08037	3.7521	1.08037	3.7521	0.5965155	0.5160663	0.6895055
8.2296137	1.08037	3.7521	1.08037	3.7521	0.5985464	0.5169749	0.692989
8.2437768	1.08037	3.7521	1.08037	3.7521	0.6004697	0.5178475	0.6962743
8.2579399	1.08037	3.7521	1.08037	3.7521	0.6023021	0.5186727	0.6994161
8.272103	1.08037	3.7521	1.08037	3.7521	0.6040619	0.5194369	0.7024735
8.2862661	1.08037	3.7521	1.08037	3.7521	0.6057667	0.5201258	0.7055085
8.3004292	1.08037	3.7521	1.08037	3.7521	0.607435	0.5207255	0.7085816
8.3145923	1.08037	3.7521	1.08037	3.7521	0.6090851	0.5212263	0.711752
8.3287554	1.08037	3.7521	1.08037	3.7521	0.6107342	0.5216196	0.7150738
8.3429185	1.08037	3.7521	1.08037	3.7521	0.612401	0.5219043	0.7185896
8.3570815	1.08037	3.7521	1.08037	3.7521	0.6141	0.5220854	0.7223309
8.3712446	1.08037	3.7521	1.08037	3.7521	0.6158451	0.5221725	0.7263209
8.3854077	1.08037	3.7521	1.08037	3.7521	0.6176493	0.5221816	0.7305698
8.3995708	1.08037	3.7521	1.08037	3.7521	0.6195225	0.5221337	0.735077
8.4137339	1.08037	3.7521	1.08037	3.7521	0.6214773	0.5220541	0.7398351
8.427897	1.08037	3.7521	1.08037	3.7521	0.6235168	0.5219705	0.744818
8.4420601	1.08037	3.7521	1.08037	3.7521	0.6256484	0.5219139	0.7500024
8.4562232	1.08037	3.7521	1.08037	3.7521	0.6278769	0.5219142	0.7553537
8.4703863	1.08037	3.7521	1.08037	3.7521	0.6302045	0.522002	0.7608346
8.4845494	1.08037	3.7521	1.08037	3.7521	0.6326317	0.5222072	0.7664058
8.4987124	1.08037	3.7521	1.08037	3.7521	0.6351584	0.5225566	0.7720234
8.5128755	1.08037	3.7521	1.08037	3.7521	0.6377829	0.5230742	0.7776467
8.5270386	1.08037	3.7521	1.08037	3.7521	0.6405028	0.5237824	0.7832326
8.5412017	1.08037	3.7521	1.08037	3.7521	0.6433126	0.5246999	0.7887404
8.5553648	1.08037	3.7521	1.08037	3.7521	0.6462099	0.5258406	0.794131
8.5695279	1.08037	3.7521	1.08037	3.7521	0.6491874	0.5272228	0.799367
8.583691	1.08037	3.7521	1.08037	3.7521	0.6522384	0.5288504	0.8044144
8.5978541	1.08037	3.7521	1.08037	3.7521	0.6553545	0.5307296	0.8092435
8.6120172	1.08037	3.7521	1.08037	3.7521	0.6585288	0.5328643	0.8138274
8.6261803	1.08037	3.7521	1.08037	3.7521	0.6617511	0.5352558	0.818141
8.6403433	1.08037	3.7521	1.08037	3.7521	0.6650133	0.5379004	0.8221635
8.6545064	1.08037	3.7521	1.08037	3.7521	0.6683047	0.5407961	0.8258772
8.6686695	1.08037	3.7521	1.08037	3.7521	0.671616	0.5439359	0.8292676
8.6828326	1.08037	3.7521	1.08037	3.7521	0.6749371	0.5473116	0.8323236
8.6969957	1.08037	3.7521	1.08037	3.7521	0.6782583	0.5509141	0.8350384
8.7111588	1.08037	3.7521	1.08037	3.7521	0.6815689	0.5547311	0.8374078
8.7253219	1.08037	3.7521	1.08037	3.7521	0.6848595	0.5587503	0.8394318
8.739485	1.08037	3.7521	1.08037	3.7521	0.6881212	0.5629555	0.8411152
8.7536481	1.08037	3.7521	1.08037	3.7521	0.6913446	0.5673308	0.8424672
8.7678112	1.08037	3.7521	1.08037	3.7521	0.6945235	0.5718579	0.8435007
8.7819742	1.08037	3.7521	1.08037	3.7521	0.6976503	0.576517	0.8442343
8.7961373	1.08037	3.7521	1.08037	3.7521	0.7007206	0.5812895	0.8446916
8.8103004	1.08037	3.7521	1.08037	3.7521	0.703727	0.5861444	0.8448983
8.8244635	1.08037	3.7521	1.08037	3.7521	0.7066694	0.5910583	0.8448935
8.8386266	1.08037	3.7521	1.08037	3.7521	0.7095452	0.5960047	0.8447162
8.8527897	1.08037	3.7521	1.08037	3.7521	0.7123551	0.6009524	0.8444103
8.8669528	1.08037	3.7521	1.08037	3.7521	0.7151019	0.6058716	0.8440251
8.8811159	1.08037	3.7521	1.08037	3.7521	0.7177876	0.6107305	0.8436117
8.895279	1.08037	3.7521	1.08037	3.7521	0.7204168	0.615495	0.8432262
8.9094421	1.08037	3.7521	1.08037	3.7521	0.7229968	0.6201313	0.8429255
8.9236052	1.08037	3.7521	1.08037	3.7521	0.7255326	0.6246078	0.8427663
8.9377682	1.08037	3.7521	1.08037	3.7521	0.7280344	0.6288933	0.8428049
8.9519313	1.08037	3.7521	1.08037	3.7521	0.7305095	0.6329592	0.843095
8.9660944	1.08037	3.7521	1.08037	3.7521	0.7329679	0.6367808	0.8436852
8.9802575	1.08037	3.7521	1.08037	3.7521	0.7354193	0.6403381	0.8446195
8.9944206	1.08037	3.7521	1.08037	3.7521	0.7378742	0.643619	0.845932
9.0085837	1.08037	3.7521	1.08037	3.7521	0.7403403	0.6466159	0.847651
9.0227468	1.08037	3.7521	1.08037	3.7521	0.7428291	0.649329	0.8497935
9.0369099	1.08037	3.7521	1.08037	3.7521	0.7453493	0.6517632	0.8523734
9.051073	1.08037	3.7521	1.08037	3.7521	0.7479083	0.6539323	0.8553897
9.0652361	1.08037	3.7521	1.08037	3.7521	0.7505148	0.655858	0.8588322
9.0793991	1.08037	3.7521	1.08037	3.7521	0.7531747	0.657563	0.8626885
9.0935622	1.08037	3.7521	1.08037	3.7521	0.7558948	0.6590719	0.8669406
9.1077253	1.08037	3.7521	1.08037	3.7521	0.7586794	0.6604125	0.8715689
9.1218884	1.08037	3.7521	1.08037	3.7521	0.7615347	0.6616103	0.8765511
9.1360515	1.08037	3.7521	1.08037	3.7521	0.7644635	0.6626919	0.8818647
9.1502146	1.08037	3.7521	1.08037	3.7521	0.7674695	0.6636816	0.8874886
9.1643777	1.08037	3.7521	1.08037	3.7521	0.7705581	0.6646017	0.8934069
9.1785408	1.08037	3.7521	1.08037	3.7521	0.7737265	0.6654724	0.8995911
9.1927039	1.08037	3.7521	1.08037	3.7521	0.7769801	0.6663128	0.9060299
9.206867	1.08037	3.7521	1.08037	3.7521	0.7803218	0.6671388	0.9127071
9.22103	1.08037	3.7521	1.08037	3.7521	0.7837511	0.6679653	0.9196084
9.2351931	1.08037	3.7521	1.08037	3.7521	0.7872728	0.6688071	0.9267232
9.2493562	1.08037	3.7521	1.08037	3.7521	0.7908867	0.669675	0.9340385
9.2635193	1.08037	3.7521	1.08037	3.7521	0.7945965	0.6705826	0.9415454
9.2776824	1.08037	3.7521	1.08037	3.7521	0.7984045	0.6715407	0.9492362
9.2918455	1.08037	3.7521	1.08037	3.7521	0.8023133	0.67256	0.9570995
9.3060086	1.08037	3.7521	1.08037	3.7521	0.8063244	0.673652	0.9651259
9.3201717	1.08037	3.7521	1.08037	3.7521	0.8104408	0.6748262	0.973309
9.3343348	1.08037	3.7521	1.08037	3.7521	0.8146648	0.6760923	0.9816397
9.3484979	1.08037	3.7521	1.08037	3.7521	0.8189992	0.6774595	0.9901105
9.3626609	1.08037	3.7521	1.08037	3.7521	0.8234471	0.6789379	0.9987126
9.376824	1.08037	3.7521	1.08037	3.7521	0.8280106	0.6805362	1.007444
9.3909871	1.08037	3.7521	1.08037	3.7521	0.8326922	0.6822611	1.0162912
9.4051502	1.08037	3.7521	1.08037	3.7521	0.8374946	0.6841183	1.0252611
9.4193133	1.08037	3.7521	1.08037	3.7521	0.8424188	0.6861151	1.0343303
9.4334764	1.08037	3.7521	1.08037	3.7521	0.847465	0.6882534	1.0435065
9.4476395	1.08037	3.7521	1.08037	3.7521	0.852634	0.6905365	1.0527832
9.4618026	1.08037	3.7521	1.08037	3.7521	0.8579261	0.6929644	1.0621539
9.4759657	1.08037	3.7521	1.08037	3.7521	0.8633374	0.695537	1.0716186
9.4901288	1.08037	3.7521	1.08037	3.7521	0.8688671	0.6982523	1.0811673
9.5042918	1.08037	3.7521	1.08037	3.7521	0.8745097	0.7011051	1.0908004
9.5184549	1.08037	3.7521	1.08037	3.7521	0.8802619	0.7040914	1.1005102
9.532618	1.08037	3.7521	1.08037	3.7521	0.8861185	0.7072057	1.1102913
9.5467811	1.08037	3.7521	1.08037	3.7521	0.8920638	0.7104355	1.1201262
9.5609442	1.08037	3.7521	1.08037	3.7521	0.8980922	0.7137732	1.1300054
9.5751073	1.08037	3.7521	1.08037	3.7521	0.9041914	0.7172095	1.1399171
9.5892704	1.08037	3.7521	1.08037	3.7521	0.9103492	0.7207343	1.1498476
9.6034335	1.08037	3.7521	1.08037	3.7521	0.9165517	0.7243359	1.1597754
9.6175966	1.08037	3.7521	1.08037	3.7521	0.9227835	0.7280048	1.1696793
9.6317597	1.08037	3.7521	1.08037	3.7521	0.9290288	0.7317286	1.179531
9.6459227	1.08037	3.7521	1.08037	3.7521	0.9352698	0.7354962	1.1893084
9.6600858	1.08037	3.7521	1.08037	3.7521	0.9414895	0.739298	1.1989785
9.6742489	1.08037	3.7521	1.08037	3.7521	0.9476688	0.7431221	1.2085175
9.688412	1.08037	3.7521	1.08037	3.7521	0.953789	0.7469592	1.2178872
9.7025751	1.08037	3.7521	1.08037	3.7521	0.9598312	0.7507974	1.227063
9.7167382	1.08037	3.7521	1.08037	3.7521	0.9657772	0.7546283	1.2360114
9.7309013	1.08037	3.7521	1.08037	3.7521	0.9716088	0.758442	1.2446861
9.7450644	1.08037	3.7521	1.08037	3.7521	0.9773048	0.7622272	1.253067
9.7592275	1.08037	3.7521	1.08037	3.7521	0.9828482	0.7659764	1.261126
9.7733906	1.08037	3.7521	1.08037	3.7521	0.988223	0.7696807	1.2688179
9.7875536	1.08037	3.7521	1.08037	3.7521	0.9934125	0.773331	1.2761266
9.8017167	1.08037	3.7521	1.08037	3.7521	0.9984012	0.776919	1.2830258
9.8158798	1.08037	3.7521	1.08037	3.7521	1.0031708	0.7804377	1.2894757
9.8300429	1.08037	3.7521	1.08037	3.7521	1.0077126	0.7838796	1.2954682
9.844206	1.08037	3.7521	1.08037	3.7521	1.0120131	0.7872379	1.300975
9.8583691	1.08037	3.7521	1.08037	3.7521	1.0160592	0.7905052	1.305968
9.8725322	1.08037	3.7521	1.08037	3.7521	1.0198377	0.7936767	1.3104345
9.8866953	1.08037	3.7521	1.08037	3.7521	1.0233292	0.7967454	1.3143583
9.9008584	1.08037	3.7521	1.08037	3.7521	1.0265393	0.7997065	1.3177161
9.9150215	1.08037	3.7521	1.08037	3.7521	1.0294527	0.8025543	1.3205013
9.9291845	1.08037	3.7521	1.08037	3.7521	1.0320551	0.8052816	1.3226853
9.9433476	1.08037	3.7521	1.08037	3.7521	1.0343378	0.8078834	1.3242736
9.9575107	1.08037	3.7521	1.08037	3.7521	1.0363008	0.8103542	1.3252415
9.9716738	1.08037	3.7521	1.08037	3.7521	1.0379338	0.8126876	1.3255988
9.9858369	1.08037	3.7521	1.08037	3.7521	1.0392151	0.8148755	1.3253192
10	1.08037	3.7521	1.08037	3.7521	1.0401586	0.8169152	1.3244139
