0.1	1.06577	17.0961	1.06577	17.0961	1.39951	0.583603	3.35611
0.1141631	1.06577	17.0961	1.06577	17.0961	1.349268	0.5519692	3.2984193
0.1283262	1.06577	17.0961	1.06577	17.0961	1.3657884	0.512644	3.6427192
0.1424893	1.06577	17.0961	1.06577	17.0961	1.426302	0.520828	3.9085509
0.1566524	1.06577	17.0961	1.06577	17.0961	1.491569	0.5972732	3.7257318
0.1708155	1.06577	17.0961	1.06577	17.0961	1.4581582	0.6059176	3.5091221
0.1849785	1.06577	17.0961	1.06577	17.0961	1.5110506	0.5645757	4.0639165
0.1991416	1.06577	17.0961	1.06577	17.0961	1.6669387	0.5008457	5.548528
0.2133047	1.06577	17.0961	1.06577	17.0961	1.5958573	0.4543422	5.6252887
0.2274678	1.06577	17.0961	1.06577	17.0961	1.2609136	0.4767371	3.3362494
0.2416309	1.06577	17.0961	1.06577	17.0961	1.2629895	0.5469236	2.9177004
0.255794	1.06577	17.0961	1.06577	17.0961	1.4350591	0.6601758	3.1195239
0.2699571	1.06577	17.0961	1.06577	17.0961	1.6628906	0.7722456	3.5807636
0.2841202	1.06577	17.0961	1.06577	17.0961	2.0353249	0.7643756	5.4234882
0.2982833	1.06577	17.0961	1.06577	17.0961	1.7236973	0.7570229	3.9328557
0.3124464	1.06577	17.0961	1.06577	17.0961	1.5776889	0.6909195	3.6037728
0.3266094	1.06577	17.0961	1.06577	17.0961	1.4251965	0.6542574	3.1054572
0.3407725	1.06577	17.0961	1.06577	17.0961	1.4389053	0.7030863	2.9451204
0.3549356	1.06577	17.0961	1.06577	17.0961	1.3096967	0.5864839	2.9290642
0.3690987	1.06577	17.0961	1.06577	17.0961	1.2814929	0.5593409	2.9393245
0.3832618	1.06577	17.0961	1.06577	17.0961	1.5766592	0.9157881	2.7377573
0.3974249	1.06577	17.0961	1.06577	17.0961	1.879277	1.3984466	2.5260316
0.411588	1.06577	17.0961	1.06577	17.0961	1.8465503	1.2960954	2.631441
0.4257511	1.06577	17.0961	1.06577	17.0961	1.444663	1.0011805	2.0846251
0.4399142	1.06577	17.0961	1.06577	17.0961	1.1208089	0.7140329	1.7612132
0.4540773	1.06577	17.0961	1.06577	17.0961	0.9423939	0.5384738	1.6493007
0.4682403	1.06577	17.0961	1.06577	17.0961	0.9318513	0.5553937	1.5639514
0.4824034	1.06577	17.0961	1.06577	17.0961	1.1469234	0.7418519	1.773205
0.4965665	1.06577	17.0961	1.06577	17.0961	1.4505904	0.9617829	2.1878713
0.5107296	1.06577	17.0961	1.06577	17.0961	1.580605	1.1035988	2.2638568
0.5248927	1.06577	17.0961	1.06577	17.0961	1.5286459	1.0801747	2.163324
0.5390558	1.06577	17.0961	1.06577	17.0961	1.487653	1.0872956	2.0355464
0.5532189	1.06577	17.0961	1.06577	17.0961	1.5720006	1.1418753	2.1642768
0.567382	1.06577	17.0961	1.06577	17.0961	1.6676059	1.1919737	2.3330229
0.5815451	1.06577	17.0961	1.06577	17.0961	1.6933685	1.1291897	2.5417748
0.5957082	1.06577	17.0961	1.06577	17.0961	1.6995288	0.9849999	2.9361322
0.6098712	1.06577	17.0961	1.06577	17.0961	1.7326534	0.8501853	3.5401713
0.6240343	1.06577	17.0961	1.06577	17.0961	1.8067945	0.7249832	4.5118384
0.6381974	1.06577	17.0961	1.06577	17.0961	1.7970292	0.6616771	4.880514
0.6523605	1.06577	17.0961	1.06577	17.0961	1.7212355	0.6661669	4.4496833
0.6665236	1.06577	17.0961	1.06577	17.0961	1.7088346	0.7399688	3.9500227
0.6806867	1.06577	17.0961	1.06577	17.0961	1.7582459	0.8629902	3.584457
0.6948498	1.06577	17.0961	1.06577	17.0961	1.8111375	0.9818857	3.3415657
0.7090129	1.06577	17.0961	1.06577	17.0961	1.8011476	1.0441817	3.107072
0.723176	1.06577	17.0961	1.06577	17.0961	1.7254589	1.0434	2.8534351
0.7373391	1.06577	17.0961	1.06577	17.0961	1.6861451	1.0560719	2.6921412
0.7515021	1.06577	17.0961	1.06577	17.0961	1.7945308	1.1547955	2.788669
0.7656652	1.06577	17.0961	1.06577	17.0961	2.1059155	1.3021549	3.4061224
0.7798283	1.06577	17.0961	1.06577	17.0961	2.5307061	1.4463799	4.428822
0.7939914	1.06577	17.0961	1.06577	17.0961	2.7906744	1.5367297	5.0678763
0.8081545	1.06577	17.0961	1.06577	17.0961	2.7570204	1.5473463	4.9127497
0.8223176	1.06577	17.0961	1.06577	17.0961	2.574482	1.5252107	4.3466474
0.8364807	1.06577	17.0961	1.06577	17.0961	2.3845504	1.5117042	3.7625087
0.8506438	1.06577	17.0961	1.06577	17.0961	2.2419951	1.4996141	3.3521611
0.8648069	1.06577	17.0961	1.06577	17.0961	2.15802	1.4416638	3.2306425
0.87897	1.06577	17.0961	1.06577	17.0961	2.1230547	1.3358402	3.3753216
0.893133	1.06577	17.0961	1.06577	17.0961	2.1161667	1.2580542	3.5597516
0.9072961	1.06577	17.0961	1.06577	17.0961	2.1212826	1.2661603	3.5543849
0.9214592	1.06577	17.0961	1.06577	17.0961	2.1483799	1.3739931	3.3605581
0.9356223	1.06577	17.0961	1.06577	17.0961	2.2447238	1.5653427	3.219478
0.9497854	1.06577	17.0961	1.06577	17.0961	2.470779	1.8058949	3.3804863
0.9639485	1.06577	17.0961	1.06577	17.0961	2.8629997	2.1214615	3.8637493
0.9781116	1.06577	17.0961	1.06577	17.0961	3.4143031	2.5601523	4.5534328
0.9922747	1.06577	17.0961	1.06577	17.0961	4.0838698	3.0153697	5.5310584
1.0064378	1.06577	17.0961	1.06577	17.0961	4.8041564	3.4495742	6.6907378
1.0206009	1.06577	17.0961	1.06577	17.0961	5.4942958	3.9852537	7.5748862
1.0347639	1.06577	17.0961	1.06577	17.0961	6.1160401	4.4228486	8.4577104
1.048927	1.06577	17.0961	1.06577	17.0961	6.5957364	4.4706448	9.7345203
1.0630901	1.06577	17.0961	1.06577	17.0961	6.7765991	4.28843	10.7103542
1.0772532	1.06577	17.0961	1.06577	17.0961	6.5804197	4.0618338	10.6606893
1.0914163	1.06577	17.0961	1.06577	17.0961	6.0772424	3.7845472	9.7590195
1.1055794	1.06577	17.0961	1.06577	17.0961	5.363615	3.3974569	8.4678149
1.1197425	1.06577	17.0961	1.06577	17.0961	4.5299978	2.9399987	6.9803397
1.1339056	1.06577	17.0961	1.06577	17.0961	3.7162323	2.5065879	5.5102644
1.1480687	1.06577	17.0961	1.06577	17.0961	3.0475655	2.1490522	4.3220936
1.1622318	1.06577	17.0961	1.06577	17.0961	2.5600221	1.8652856	3.5135551
1.1763948	1.06577	17.0961	1.06577	17.0961	2.2264887	1.6321004	3.0373811
1.1905579	1.06577	17.0961	1.06577	17.0961	2.0070661	1.4395186	2.7984423
1.204721	1.06577	17.0961	1.06577	17.0961	1.8696321	1.2911021	2.707452
1.2188841	1.06577	17.0961	1.06577	17.0961	1.7898794	1.1782059	2.7191472
1.2330472	1.06577	17.0961	1.06577	17.0961	1.749531	1.0838614	2.8242685
1.2472103	1.06577	17.0961	1.06577	17.0961	1.73945	1.0092943	2.9982283
1.2613734	1.06577	17.0961	1.06577	17.0961	1.7565695	0.969528	3.1827577
1.2755365	1.06577	17.0961	1.06577	17.0961	1.7941171	0.971026	3.3149101
1.2896996	1.06577	17.0961	1.06577	17.0961	1.8386017	1.006903	3.3573715
1.3038627	1.06577	17.0961	1.06577	17.0961	1.8772685	1.0668271	3.3038193
1.3180258	1.06577	17.0961	1.06577	17.0961	1.9063171	1.1399665	3.1884455
1.3321888	1.06577	17.0961	1.06577	17.0961	1.9302843	1.2108935	3.0774166
1.3463519	1.06577	17.0961	1.06577	17.0961	1.9573778	1.2658818	3.0266893
1.360515	1.06577	17.0961	1.06577	17.0961	1.9961852	1.3049515	3.0535703
1.3746781	1.06577	17.0961	1.06577	17.0961	2.0556633	1.3420925	3.1486262
1.3888412	1.06577	17.0961	1.06577	17.0961	2.1464558	1.3967163	3.2986412
1.4030043	1.06577	17.0961	1.06577	17.0961	2.2753005	1.4874799	3.4804232
1.4171674	1.06577	17.0961	1.06577	17.0961	2.4311406	1.6232104	3.6413244
1.4313305	1.06577	17.0961	1.06577	17.0961	2.5791087	1.7889159	3.7184666
1.4454936	1.06577	17.0961	1.06577	17.0961	2.6765074	1.9367128	3.698917
1.4596567	1.06577	17.0961	1.06577	17.0961	2.7002261	1.9984506	3.6484291
1.4738197	1.06577	17.0961	1.06577	17.0961	2.6648985	1.9323271	3.6753065
1.4879828	1.06577	17.0961	1.06577	17.0961	2.6029198	1.7764153	3.8146452
1.5021459	1.06577	17.0961	1.06577	17.0961	2.5363342	1.6118528	3.9919406
1.516309	1.06577	17.0961	1.06577	17.0961	2.4713718	1.4877781	4.1056663
1.5304721	1.06577	17.0961	1.06577	17.0961	2.4057508	1.417988	4.0815755
1.5446352	1.06577	17.0961	1.06577	17.0961	2.3362962	1.4002288	3.8984144
1.5587983	1.06577	17.0961	1.06577	17.0961	2.2645284	1.4255325	3.5982063
1.5729614	1.06577	17.0961	1.06577	17.0961	2.1985762	1.479618	3.2679238
1.5871245	1.06577	17.0961	1.06577	17.0961	2.1506199	1.5403269	3.0032058
1.6012876	1.06577	17.0961	1.06577	17.0961	2.1323935	1.5786751	2.8803527
1.6154506	1.06577	17.0961	1.06577	17.0961	2.1514339	1.5788092	2.9319119
1.6296137	1.06577	17.0961	1.06577	17.0961	2.2075809	1.5565562	3.1312581
1.6437768	1.06577	17.0961	1.06577	17.0961	2.2894779	1.5354309	3.4141425
1.6579399	1.06577	17.0961	1.06577	17.0961	2.372806	1.5236645	3.6952898
1.672103	1.06577	17.0961	1.06577	17.0961	2.4254551	1.5171221	3.8776335
1.6862661	1.06577	17.0961	1.06577	17.0961	2.4218008	1.5065286	3.8931252
1.7004292	1.06577	17.0961	1.06577	17.0961	2.3553369	1.4847219	3.7364711
1.7145923	1.06577	17.0961	1.06577	17.0961	2.2416092	1.4542446	3.4553825
1.7287554	1.06577	17.0961	1.06577	17.0961	2.1047187	1.4250116	3.1089117
1.7429185	1.06577	17.0961	1.06577	17.0961	1.9680204	1.4066701	2.7538279
1.7570815	1.06577	17.0961	1.06577	17.0961	1.8476078	1.4022346	2.4349376
1.7712446	1.06577	17.0961	1.06577	17.0961	1.7503291	1.4055433	2.1800555
1.7854077	1.06577	17.0961	1.06577	17.0961	1.6753928	1.4011656	2.0033968
1.7995708	1.06577	17.0961	1.06577	17.0961	1.6179136	1.369499	1.9113822
1.8137339	1.06577	17.0961	1.06577	17.0961	1.5724401	1.3024748	1.8985367
1.827897	1.06577	17.0961	1.06577	17.0961	1.5351218	1.210594	1.9471002
1.8420601	1.06577	17.0961	1.06577	17.0961	1.5040124	1.1091949	2.0400385
1.8562232	1.06577	17.0961	1.06577	17.0961	1.478357	1.0099688	2.1646854
1.8703863	1.06577	17.0961	1.06577	17.0961	1.4580268	0.9206927	2.3096001
1.8845494	1.06577	17.0961	1.06577	17.0961	1.4437166	0.8462702	2.4633552
1.8987124	1.06577	17.0961	1.06577	17.0961	1.4369916	0.7897334	2.6149161
1.9128755	1.06577	17.0961	1.06577	17.0961	1.4399286	0.7529061	2.753908
1.9270386	1.06577	17.0961	1.06577	17.0961	1.4542835	0.7368928	2.8700821
1.9412017	1.06577	17.0961	1.06577	17.0961	1.4805614	0.7423996	2.9526898
1.9553648	1.06577	17.0961	1.06577	17.0961	1.5173428	0.769357	2.9925499
1.9695279	1.06577	17.0961	1.06577	17.0961	1.5618565	0.8175481	2.9839764
1.983691	1.06577	17.0961	1.06577	17.0961	1.6107054	0.8862658	2.9277795
1.9978541	1.06577	17.0961	1.06577	17.0961	1.6606934	0.9740745	2.8320677
2.0120172	1.06577	17.0961	1.06577	17.0961	1.7092506	1.0779486	2.7112093
2.0261803	1.06577	17.0961	1.06577	17.0961	1.7543792	1.1913217	2.5844289
2.0403433	1.06577	17.0961	1.06577	17.0961	1.7942723	1.3011983	2.4747488
2.0545064	1.06577	17.0961	1.06577	17.0961	1.8269995	1.3869923	2.4067609
2.0686695	1.06577	17.0961	1.06577	17.0961	1.8504801	1.4284518	2.3971852
2.0828326	1.06577	17.0961	1.06577	17.0961	1.8628151	1.4230544	2.4385339
2.0969957	1.06577	17.0961	1.06577	17.0961	1.8629505	1.3876058	2.501244
2.1111588	1.06577	17.0961	1.06577	17.0961	1.8510827	1.3404013	2.5564098
2.1253219	1.06577	17.0961	1.06577	17.0961	1.828784	1.2910352	2.5905724
2.139485	1.06577	17.0961	1.06577	17.0961	1.7987924	1.2413596	2.6065506
2.1536481	1.06577	17.0961	1.06577	17.0961	1.7645967	1.1899167	2.6168518
2.1678112	1.06577	17.0961	1.06577	17.0961	1.730042	1.136214	2.6342408
2.1819742	1.06577	17.0961	1.06577	17.0961	1.6985791	1.0830324	2.6640232
2.1961373	1.06577	17.0961	1.06577	17.0961	1.6724736	1.0352895	2.7019054
2.2103004	1.06577	17.0961	1.06577	17.0961	1.6525876	0.9976643	2.7374869
2.2244635	1.06577	17.0961	1.06577	17.0961	1.6386416	0.9730429	2.7595436
2.2386266	1.06577	17.0961	1.06577	17.0961	1.6299239	0.962	2.7615875
2.2527897	1.06577	17.0961	1.06577	17.0961	1.6258617	0.9629951	2.7450181
2.2669528	1.06577	17.0961	1.06577	17.0961	1.6260847	0.9729833	2.7175967
2.2811159	1.06577	17.0961	1.06577	17.0961	1.6299324	0.9882588	2.6882625
2.295279	1.06577	17.0961	1.06577	17.0961	1.6357315	1.0051808	2.6618562
2.3094421	1.06577	17.0961	1.06577	17.0961	1.6404138	1.0204074	2.6371556
2.3236052	1.06577	17.0961	1.06577	17.0961	1.6396974	1.030806	2.6082612
2.3377682	1.06577	17.0961	1.06577	17.0961	1.6289857	1.0335068	2.5675657
2.3519313	1.06577	17.0961	1.06577	17.0961	1.6047651	1.0266058	2.508527
2.3660944	1.06577	17.0961	1.06577	17.0961	1.5659297	1.009893	2.4281124
2.3802575	1.06577	17.0961	1.06577	17.0961	1.5144132	0.984994	2.3284011
2.3944206	1.06577	17.0961	1.06577	17.0961	1.4547256	0.9548585	2.2162721
2.4085837	1.06577	17.0961	1.06577	17.0961	1.392599	0.9230035	2.1011056
2.4227468	1.06577	17.0961	1.06577	17.0961	1.3335763	0.8930128	1.9914937
2.4369099	1.06577	17.0961	1.06577	17.0961	1.2817203	0.8680016	1.8926365
2.451073	1.06577	17.0961	1.06577	17.0961	1.239403	0.8504225	1.8063204
2.4652361	1.06577	17.0961	1.06577	17.0961	1.2070395	0.8416159	1.7311587
2.4793991	1.06577	17.0961	1.06577	17.0961	1.1834241	0.8415938	1.6641567
2.4935622	1.06577	17.0961	1.06577	17.0961	1.1661473	0.8487757	1.602245
2.5077253	1.06577	17.0961	1.06577	17.0961	1.1521961	0.8597406	1.5441961
2.5218884	1.06577	17.0961	1.06577	17.0961	1.1387437	0.8690535	1.4921704
2.5360515	1.06577	17.0961	1.06577	17.0961	1.1237715	0.8698656	1.4517916
2.5502146	1.06577	17.0961	1.06577	17.0961	1.1063486	0.8563809	1.4292833
2.5643777	1.06577	17.0961	1.06577	17.0961	1.0866509	0.8274396	1.4271228
2.5785408	1.06577	17.0961	1.06577	17.0961	1.0656756	0.787286	1.4425935
2.5927039	1.06577	17.0961	1.06577	17.0961	1.0448244	0.7423828	1.4705903
2.606867	1.06577	17.0961	1.06577	17.0961	1.0255793	0.6982549	1.5064148
2.62103	1.06577	17.0961	1.06577	17.0961	1.0090827	0.6585307	1.5462675
2.6351931	1.06577	17.0961	1.06577	17.0961	0.9959369	0.6252151	1.5864863
2.6493562	1.06577	17.0961	1.06577	17.0961	0.9861127	0.5992719	1.6226867
2.6635193	1.06577	17.0961	1.06577	17.0961	0.9787841	0.5807382	1.6496792
2.6776824	1.06577	17.0961	1.06577	17.0961	0.9726396	0.569348	1.661607
2.6918455	1.06577	17.0961	1.06577	17.0961	0.9660656	0.564598	1.6530065
2.7060086	1.06577	17.0961	1.06577	17.0961	0.9574801	0.5658129	1.6202925
2.7201717	1.06577	17.0961	1.06577	17.0961	0.9456866	0.5721382	1.563207
2.7343348	1.06577	17.0961	1.06577	17.0961	0.9301428	0.5825269	1.4853395
2.7484979	1.06577	17.0961	1.06577	17.0961	0.9110453	0.5957376	1.3934331
2.7626609	1.06577	17.0961	1.06577	17.0961	0.8892291	0.6103755	1.2956935
2.776824	1.06577	17.0961	1.06577	17.0961	0.8659512	0.6249384	1.2001022
2.7909871	1.06577	17.0961	1.06577	17.0961	0.8426568	0.6378158	1.1134137
2.8051502	1.06577	17.0961	1.06577	17.0961	0.8207744	0.6472554	1.0408766
2.8193133	1.06577	17.0961	1.06577	17.0961	0.8016572	0.6514431	0.9865279
2.8334764	1.06577	17.0961	1.06577	17.0961	0.7864219	0.6492403	0.9525915
2.8476395	1.06577	17.0961	1.06577	17.0961	0.7760014	0.6414661	0.9387544
2.8618026	1.06577	17.0961	1.06577	17.0961	0.7711326	0.6312631	0.9419956
2.8759657	1.06577	17.0961	1.06577	17.0961	0.7724094	0.6225332	0.9583694
2.8901288	1.06577	17.0961	1.06577	17.0961	0.7802518	0.6183065	0.9846187
2.9042918	1.06577	17.0961	1.06577	17.0961	0.7948074	0.6202092	1.0185689
2.9184549	1.06577	17.0961	1.06577	17.0961	0.8161262	0.6289374	1.0590288
2.932618	1.06577	17.0961	1.06577	17.0961	0.8441047	0.6445997	1.1053594
2.9467811	1.06577	17.0961	1.06577	17.0961	0.8784938	0.6669542	1.1571294
2.9609442	1.06577	17.0961	1.06577	17.0961	0.9188948	0.695545	1.2139681
2.9751073	1.06577	17.0961	1.06577	17.0961	0.9647326	0.7297579	1.2753665
2.9892704	1.06577	17.0961	1.06577	17.0961	1.0152064	0.7688176	1.3405618
3.0034335	1.06577	17.0961	1.06577	17.0961	1.0692498	0.8117504	1.4084296
3.0175966	1.06577	17.0961	1.06577	17.0961	1.1254819	0.8573219	1.4775271
3.0317597	1.06577	17.0961	1.06577	17.0961	1.1823034	0.9039395	1.5463888
3.0459227	1.06577	17.0961	1.06577	17.0961	1.2379826	0.9495442	1.6140342
3.0600858	1.06577	17.0961	1.06577	17.0961	1.2908988	0.9915818	1.6805694
3.0742489	1.06577	17.0961	1.06577	17.0961	1.3397709	1.0272492	1.7473573
3.088412	1.06577	17.0961	1.06577	17.0961	1.3837628	1.0541331	1.8164723
3.1025751	1.06577	17.0961	1.06577	17.0961	1.4225727	1.071066	1.8894416
3.1167382	1.06577	17.0961	1.06577	17.0961	1.4562553	1.0786131	1.9661194
3.1309013	1.06577	17.0961	1.06577	17.0961	1.485188	1.0791151	2.044091
3.1450644	1.06577	17.0961	1.06577	17.0961	1.5098272	1.0756451	2.1192803
3.1592275	1.06577	17.0961	1.06577	17.0961	1.5304715	1.0711865	2.1866936
3.1733906	1.06577	17.0961	1.06577	17.0961	1.5472638	1.0681819	2.241216
3.1875536	1.06577	17.0961	1.06577	17.0961	1.5601385	1.0683305	2.2783628
3.2017167	1.06577	17.0961	1.06577	17.0961	1.5688468	1.0725255	2.2948368
3.2158798	1.06577	17.0961	1.06577	17.0961	1.5730384	1.0808913	2.2892772
3.2300429	1.06577	17.0961	1.06577	17.0961	1.5723521	1.09278	2.2624109
3.244206	1.06577	17.0961	1.06577	17.0961	1.5664588	1.1067939	2.2170894
3.2583691	1.06577	17.0961	1.06577	17.0961	1.5551735	1.120786	2.1579846
3.2725322	1.06577	17.0961	1.06577	17.0961	1.5384476	1.131885	2.0911017
3.2866953	1.06577	17.0961	1.06577	17.0961	1.5164581	1.1366948	2.0231188
3.3008584	1.06577	17.0961	1.06577	17.0961	1.4896066	1.1317561	1.9606286
3.3150215	1.06577	17.0961	1.06577	17.0961	1.4585862	1.114407	1.9090506
3.3291845	1.06577	17.0961	1.06577	17.0961	1.4243141	1.0839801	1.8715071
3.3433476	1.06577	17.0961	1.06577	17.0961	1.3879311	1.0423128	1.8481431
3.3575107	1.06577	17.0961	1.06577	17.0961	1.3506529	0.9931656	1.8368323
3.3716738	1.06577	17.0961	1.06577	17.0961	1.3137338	0.9410258	1.8341012
3.3858369	1.06577	17.0961	1.06577	17.0961	1.2782622	0.8895534	1.8368868
3.4	1.06577	17.0961	1.06577	17.0961	1.2451315	0.8412771	1.8429284
3.4141631	1.06577	17.0961	1.06577	17.0961	1.2150032	0.7976353	1.8508448
3.4283262	1.06577	17.0961	1.06577	17.0961	1.1883042	0.7592053	1.8600173
3.4424893	1.06577	17.0961	1.06577	17.0961	1.1652283	0.7259786	1.8703269
3.4566524	1.06577	17.0961	1.06577	17.0961	1.1457534	0.6976206	1.8818139
3.4708155	1.06577	17.0961	1.06577	17.0961	1.1296739	0.6736664	1.8944142
3.4849785	1.06577	17.0961	1.06577	17.0961	1.1166808	0.6536606	1.9077181
3.4991416	1.06577	17.0961	1.06577	17.0961	1.1063782	0.6372336	1.9209419
3.5133047	1.06577	17.0961	1.06577	17.0961	1.0983657	0.6241133	1.9329954
3.5274678	1.06577	17.0961	1.06577	17.0961	1.092235	0.6141073	1.9426311
3.5416309	1.06577	17.0961	1.06577	17.0961	1.0876489	0.6070578	1.9487126
3.555794	1.06577	17.0961	1.06577	17.0961	1.0842699	0.602799	1.9503123
3.5699571	1.06577	17.0961	1.06577	17.0961	1.0818111	0.6011293	1.9468751
3.5841202	1.06577	17.0961	1.06577	17.0961	1.0799896	0.6017932	1.9381863
3.5982833	1.06577	17.0961	1.06577	17.0961	1.078541	0.6044923	1.9243628
3.6124464	1.06577	17.0961	1.06577	17.0961	1.0772288	0.6088611	1.9059112
3.6266094	1.06577	17.0961	1.06577	17.0961	1.0758772	0.6145808	1.8834359
3.6407725	1.06577	17.0961	1.06577	17.0961	1.0743978	0.6213918	1.8576797
3.6549356	1.06577	17.0961	1.06577	17.0961	1.0728313	0.629122	1.829498
3.6690987	1.06577	17.0961	1.06577	17.0961	1.0713427	0.6376999	1.7998934
3.6832618	1.06577	17.0961	1.06577	17.0961	1.0702463	0.6471337	1.7700344
3.6974249	1.06577	17.0961	1.06577	17.0961	1.0699512	0.6574772	1.7412327
3.711588	1.06577	17.0961	1.06577	17.0961	1.0709244	0.6687861	1.7148833
3.7257511	1.06577	17.0961	1.06577	17.0961	1.0735916	0.6810748	1.692349
3.7399142	1.06577	17.0961	1.06577	17.0961	1.0783384	0.6942815	1.6748591
3.7540773	1.06577	17.0961	1.06577	17.0961	1.0853945	0.708254	1.6633826
3.7682403	1.06577	17.0961	1.06577	17.0961	1.0948543	0.7227473	1.6585378
3.7824034	1.06577	17.0961	1.06577	17.0961	1.1065848	0.737452	1.6604964
3.7965665	1.06577	17.0961	1.06577	17.0961	1.1203003	0.7520334	1.6689207
3.8107296	1.06577	17.0961	1.06577	17.0961	1.1354979	0.7661837	1.6828371
3.8248927	1.06577	17.0961	1.06577	17.0961	1.1514946	0.7796635	1.7006682
3.8390558	1.06577	17.0961	1.06577	17.0961	1.1674325	0.7923288	1.7201213
3.8532189	1.06577	17.0961	1.06577	17.0961	1.1823482	0.8041256	1.7384712
3.867382	1.06577	17.0961	1.06577	17.0961	1.1952349	0.815029	1.752815
3.8815451	1.06577	17.0961	1.06577	17.0961	1.205119	0.8249839	1.7604107
3.8957082	1.06577	17.0961	1.06577	17.0961	1.211109	0.8338515	1.7590541
3.9098712	1.06577	17.0961	1.06577	17.0961	1.212505	0.8413737	1.7473399
3.9240343	1.06577	17.0961	1.06577	17.0961	1.2087891	0.8471732	1.724785
3.9381974	1.06577	17.0961	1.06577	17.0961	1.1997155	0.8507894	1.6917693
3.9523605	1.06577	17.0961	1.06577	17.0961	1.1852415	0.8517636	1.6493035
3.9665236	1.06577	17.0961	1.06577	17.0961	1.1655387	0.8497326	1.5987388
3.9806867	1.06577	17.0961	1.06577	17.0961	1.1409665	0.844516	1.5414983
3.9948498	1.06577	17.0961	1.06577	17.0961	1.1120581	0.83618	1.4789822
4.0090129	1.06577	17.0961	1.06577	17.0961	1.0795225	0.8250561	1.4124915
4.023176	1.06577	17.0961	1.06577	17.0961	1.0442046	0.8117043	1.3433253
4.0373391	1.06577	17.0961	1.06577	17.0961	1.0070843	0.796839	1.2728122
4.0515021	1.06577	17.0961	1.06577	17.0961	0.9692181	0.7812409	1.2024311
4.0656652	1.06577	17.0961	1.06577	17.0961	0.9316961	0.7656668	1.1337306
4.0798283	1.06577	17.0961	1.06577	17.0961	0.8955733	0.7507749	1.0683057
4.0939914	1.06577	17.0961	1.06577	17.0961	0.861769	0.7370549	1.0075997
4.1081545	1.06577	17.0961	1.06577	17.0961	0.8310563	0.7248159	0.9528865
4.1223176	1.06577	17.0961	1.06577	17.0961	0.8040279	0.7141703	0.9052066
4.1364807	1.06577	17.0961	1.06577	17.0961	0.7810922	0.7050461	0.8653518
4.1506438	1.06577	17.0961	1.06577	17.0961	0.7624852	0.6972183	0.833868
4.1648069	1.06577	17.0961	1.06577	17.0961	0.7482894	0.6904248	0.8110068
4.17897	1.06577	17.0961	1.06577	17.0961	0.7384586	0.6845563	0.7966053
4.193133	1.06577	17.0961	1.06577	17.0961	0.7328468	0.6798156	0.7900149
4.2072961	1.06577	17.0961	1.06577	17.0961	0.7312307	0.6766391	0.7902268
4.2214592	1.06577	17.0961	1.06577	17.0961	0.7333302	0.6754479	0.7961754
4.2356223	1.06577	17.0961	1.06577	17.0961	0.7388288	0.67645	0.8069614
4.2497854	1.06577	17.0961	1.06577	17.0961	0.747378	0.6796116	0.8219034
4.2639485	1.06577	17.0961	1.06577	17.0961	0.7586057	0.6847084	0.8404802
4.2781116	1.06577	17.0961	1.06577	17.0961	0.7721187	0.6913988	0.8622623
4.2922747	1.06577	17.0961	1.06577	17.0961	0.7874939	0.6992742	0.8868417
4.3064378	1.06577	17.0961	1.06577	17.0961	0.8043029	0.707916	0.9138141
4.3206009	1.06577	17.0961	1.06577	17.0961	0.8220024	0.7168773	0.9425457
4.3347639	1.06577	17.0961	1.06577	17.0961	0.8400766	0.7257984	0.9723522
4.348927	1.06577	17.0961	1.06577	17.0961	0.8579709	0.7343831	1.0023605
4.3630901	1.06577	17.0961	1.06577	17.0961	0.8751139	0.7424223	1.0315283
4.3772532	1.06577	17.0961	1.06577	17.0961	0.8909468	0.7497944	1.0586782
4.3914163	1.06577	17.0961	1.06577	17.0961	0.9049535	0.7564553	1.0826014
4.4055794	1.06577	17.0961	1.06577	17.0961	0.916697	0.7624246	1.1021861
4.4197425	1.06577	17.0961	1.06577	17.0961	0.9258559	0.7677575	1.1165092
4.4339056	1.06577	17.0961	1.06577	17.0961	0.9322481	0.7725304	1.124988
4.4480687	1.06577	17.0961	1.06577	17.0961	0.9358428	0.776812	1.1274293
4.4622318	1.06577	17.0961	1.06577	17.0961	0.9367528	0.7806554	1.1240675
4.4763948	1.06577	17.0961	1.06577	17.0961	0.9352149	0.7840815	1.1154816
4.4905579	1.06577	17.0961	1.06577	17.0961	0.9315549	0.7870742	1.1025636
4.504721	1.06577	17.0961	1.06577	17.0961	0.9261524	0.7895734	1.0863641
4.5188841	1.06577	17.0961	1.06577	17.0961	0.9194079	0.7914701	1.0680276
4.5330472	1.06577	17.0961	1.06577	17.0961	0.911708	0.7925995	1.0487121
4.5472103	1.06577	17.0961	1.06577	17.0961	0.9034189	0.7927358	1.0295532
4.5613734	1.06577	17.0961	1.06577	17.0961	0.894869	0.7916298	1.0115724
4.5755365	1.06577	17.0961	1.06577	17.0961	0.8863305	0.7890039	0.9956645
4.5896996	1.06577	17.0961	1.06577	17.0961	0.8780302	0.7846268	0.9825538
4.6038627	1.06577	17.0961	1.06577	17.0961	0.8701491	0.7783959	0.9727178
4.6180258	1.06577	17.0961	1.06577	17.0961	0.86283	0.7704101	0.966337
4.6321888	1.06577	17.0961	1.06577	17.0961	0.8561842	0.7609827	0.9632965
4.6463519	1.06577	17.0961	1.06577	17.0961	0.850293	0.7505719	0.9632666
4.660515	1.06577	17.0961	1.06577	17.0961	0.8452194	0.7396883	0.9658129
4.6746781	1.06577	17.0961	1.06577	17.0961	0.8410091	0.7288089	0.970489
4.6888412	1.06577	17.0961	1.06577	17.0961	0.8376965	0.7183425	0.9768871
4.7030043	1.06577	17.0961	1.06577	17.0961	0.8353066	0.7086189	0.9846509
4.7171674	1.06577	17.0961	1.06577	17.0961	0.8338562	0.6998769	0.9934875
4.7313305	1.06577	17.0961	1.06577	17.0961	0.8333509	0.6922929	1.0031483
4.7454936	1.06577	17.0961	1.06577	17.0961	0.8337889	0.6859846	1.0134381
4.7596567	1.06577	17.0961	1.06577	17.0961	0.8351561	0.6810202	1.0241747
4.7738197	1.06577	17.0961	1.06577	17.0961	0.8374347	0.6774419	1.0352139
4.7879828	1.06577	17.0961	1.06577	17.0961	0.840578	0.6752392	1.0464059
4.8021459	1.06577	17.0961	1.06577	17.0961	0.84452	0.674372	1.0576015
4.816309	1.06577	17.0961	1.06577	17.0961	0.8491882	0.6747866	1.0686676
4.8304721	1.06577	17.0961	1.06577	17.0961	0.8544965	0.6764137	1.0794647
4.8446352	1.06577	17.0961	1.06577	17.0961	0.860352	0.6791753	1.0898589
4.8587983	1.06577	17.0961	1.06577	17.0961	0.8666637	0.6829847	1.0997388
4.8729614	1.06577	17.0961	1.06577	17.0961	0.8733468	0.6877559	1.1090215
4.8871245	1.06577	17.0961	1.06577	17.0961	0.880332	0.6933996	1.1176589
4.9012876	1.06577	17.0961	1.06577	17.0961	0.8875706	0.6998364	1.1256612
4.9154506	1.06577	17.0961	1.06577	17.0961	0.8950407	0.7069948	1.133105
4.9296137	1.06577	17.0961	1.06577	17.0961	0.9027465	0.7148221	1.1400765
4.9437768	1.06577	17.0961	1.06577	17.0961	0.9107143	0.7232829	1.1467192
4.9579399	1.06577	17.0961	1.06577	17.0961	0.9189928	0.7323682	1.1531793
4.972103	1.06577	17.0961	1.06577	17.0961	0.9276456	0.7420861	1.1596069
4.9862661	1.06577	17.0961	1.06577	17.0961	0.9367415	0.752462	1.1661551
5.0004292	1.06577	17.0961	1.06577	17.0961	0.946355	0.7635285	1.1729597
5.0145923	1.06577	17.0961	1.06577	17.0961	0.9565673	0.7753214	1.1801839
5.0287554	1.06577	17.0961	1.06577	17.0961	0.9674354	0.7878482	1.1879625
5.0429185	1.06577	17.0961	1.06577	17.0961	0.9790094	0.8010941	1.1964385
5.0570815	1.06577	17.0961	1.06577	17.0961	0.9913345	0.8150302	1.205775
5.0712446	1.06577	17.0961	1.06577	17.0961	1.004412	0.8295673	1.2161046
5.0854077	1.06577	17.0961	1.06577	17.0961	1.0182347	0.8446183	1.2275398
5.0995708	1.06577	17.0961	1.06577	17.0961	1.0327834	0.8600704	1.2401756
5.1137339	1.06577	17.0961	1.06577	17.0961	1.0479901	0.8758013	1.2540335
5.127897	1.06577	17.0961	1.06577	17.0961	1.0637784	0.8916933	1.2690754
5.1420601	1.06577	17.0961	1.06577	17.0961	1.080035	0.9076446	1.2851679
5.1562232	1.06577	17.0961	1.06577	17.0961	1.0966267	0.923572	1.3021055
5.1703863	1.06577	17.0961	1.06577	17.0961	1.1133953	0.939415	1.3196064
5.1845494	1.06577	17.0961	1.06577	17.0961	1.1301848	0.9551322	1.3373205
5.1987124	1.06577	17.0961	1.06577	17.0961	1.1468232	0.9706922	1.3549087
5.2128755	1.06577	17.0961	1.06577	17.0961	1.1631306	0.9860632	1.3719918
5.2270386	1.06577	17.0961	1.06577	17.0961	1.1789508	1.0012094	1.3882439
5.2412017	1.06577	17.0961	1.06577	17.0961	1.1941283	1.0160592	1.4034188
5.2553648	1.06577	17.0961	1.06577	17.0961	1.2085441	1.030528	1.4173165
5.2695279	1.06577	17.0961	1.06577	17.0961	1.2221054	1.0445109	1.4298981
5.283691	1.06577	17.0961	1.06577	17.0961	1.2347391	1.0578541	1.441206
5.2978541	1.06577	17.0961	1.06577	17.0961	1.2464077	1.0703664	1.4513982
5.3120172	1.06577	17.0961	1.06577	17.0961	1.2571055	1.0818787	1.4607183
5.3261803	1.06577	17.0961	1.06577	17.0961	1.2668543	1.0921709	1.4694738
5.3403433	1.06577	17.0961	1.06577	17.0961	1.2756771	1.1010583	1.478
5.3545064	1.06577	17.0961	1.06577	17.0961	1.2836464	1.1083895	1.4866094
5.3686695	1.06577	17.0961	1.06577	17.0961	1.2908077	1.1140889	1.4955635
5.3828326	1.06577	17.0961	1.06577	17.0961	1.2972417	1.1181414	1.5050372
5.3969957	1.06577	17.0961	1.06577	17.0961	1.3030242	1.1206436	1.5150951
5.4111588	1.06577	17.0961	1.06577	17.0961	1.3082273	1.1217748	1.5256706
5.4253219	1.06577	17.0961	1.06577	17.0961	1.3129188	1.1217876	1.5366295
5.439485	1.06577	17.0961	1.06577	17.0961	1.3171787	1.1209867	1.5477031
5.4536481	1.06577	17.0961	1.06577	17.0961	1.3210598	1.1197083	1.558624
5.4678112	1.06577	17.0961	1.06577	17.0961	1.3246322	1.1182546	1.5690935
5.4819742	1.06577	17.0961	1.06577	17.0961	1.3279593	1.1169454	1.578822
5.4961373	1.06577	17.0961	1.06577	17.0961	1.3310866	1.1160427	1.5875741
5.5103004	1.06577	17.0961	1.06577	17.0961	1.33409	1.1157358	1.5951837
5.5244635	1.06577	17.0961	1.06577	17.0961	1.3370146	1.1161747	1.6015469
5.5386266	1.06577	17.0961	1.06577	17.0961	1.3399074	1.1174366	1.6066677
5.5527897	1.06577	17.0961	1.06577	17.0961	1.3428218	1.1195526	1.6106148
5.5669528	1.06577	17.0961	1.06577	17.0961	1.3457861	1.1224601	1.6135542
5.5811159	1.06577	17.0961	1.06577	17.0961	1.3488412	1.1260539	1.6157147
5.595279	1.06577	17.0961	1.06577	17.0961	1.3520052	1.1301736	1.6173778
5.6094421	1.06577	17.0961	1.06577	17.0961	1.3552677	1.1345901	1.6188711
5.6236052	1.06577	17.0961	1.06577	17.0961	1.3586305	1.1390567	1.6205223
5.6377682	1.06577	17.0961	1.06577	17.0961	1.3620553	1.1433174	1.6226528
5.6519313	1.06577	17.0961	1.06577	17.0961	1.3655162	1.147101	1.625511
5.6660944	1.06577	17.0961	1.06577	17.0961	1.3689423	1.1502032	1.6292692
5.6802575	1.06577	17.0961	1.06577	17.0961	1.3722691	1.1524659	1.6339909
5.6944206	1.06577	17.0961	1.06577	17.0961	1.3754196	1.1538181	1.6395862
5.7085837	1.06577	17.0961	1.06577	17.0961	1.3783149	1.1542685	1.6458417
5.7227468	1.06577	17.0961	1.06577	17.0961	1.3808481	1.1539312	1.6523992
5.7369099	1.06577	17.0961	1.06577	17.0961	1.3829476	1.1529678	1.6588115
5.751073	1.06577	17.0961	1.06577	17.0961	1.3845339	1.1516093	1.6645569
5.7652361	1.06577	17.0961	1.06577	17.0961	1.3855216	1.150128	1.6690923
5.7793991	1.06577	17.0961	1.06577	17.0961	1.3858588	1.1487554	1.6719122
5.7935622	1.06577	17.0961	1.06577	17.0961	1.3855122	1.1477428	1.6725346
5.8077253	1.06577	17.0961	1.06577	17.0961	1.3844535	1.14732	1.6705908
5.8218884	1.06577	17.0961	1.06577	17.0961	1.3826804	1.1476555	1.66583
5.8360515	1.06577	17.0961	1.06577	17.0961	1.3802273	1.1489029	1.6581251
5.8502146	1.06577	17.0961	1.06577	17.0961	1.3771329	1.1511365	1.6474992
5.8643777	1.06577	17.0961	1.06577	17.0961	1.3734765	1.1544054	1.6341395
5.8785408	1.06577	17.0961	1.06577	17.0961	1.3693617	1.1586577	1.6183761
5.8927039	1.06577	17.0961	1.06577	17.0961	1.3648801	1.1637883	1.6007152
5.906867	1.06577	17.0961	1.06577	17.0961	1.360161	1.1695908	1.5817941
5.92103	1.06577	17.0961	1.06577	17.0961	1.3553464	1.1757365	1.5623905
5.9351931	1.06577	17.0961	1.06577	17.0961	1.3505498	1.1817694	1.5434346
5.9493562	1.06577	17.0961	1.06577	17.0961	1.3459149	1.1870849	1.5259922
5.9635193	1.06577	17.0961	1.06577	17.0961	1.3415662	1.1909015	1.5112909
5.9776824	1.06577	17.0961	1.06577	17.0961	1.3376014	1.1924165	1.5004656
5.9918455	1.06577	17.0961	1.06577	17.0961	1.3341232	1.1909605	1.4944984
6.0060086	1.06577	17.0961	1.06577	17.0961	1.3312097	1.1861729	1.4939774
6.0201717	1.06577	17.0961	1.06577	17.0961	1.3289119	1.178175	1.4989318
6.0343348	1.06577	17.0961	1.06577	17.0961	1.3272598	1.1674684	1.508938
6.0484979	1.06577	17.0961	1.06577	17.0961	1.3262859	1.1547913	1.5232595
6.0626609	1.06577	17.0961	1.06577	17.0961	1.3259752	1.1409129	1.5410728
6.076824	1.06577	17.0961	1.06577	17.0961	1.3263176	1.1264879	1.5616173
6.0909871	1.06577	17.0961	1.06577	17.0961	1.3272724	1.1120265	1.584199
6.1051502	1.06577	17.0961	1.06577	17.0961	1.3287832	1.0979017	1.6082374
6.1193133	1.06577	17.0961	1.06577	17.0961	1.3307951	1.0843629	1.6332406
6.1334764	1.06577	17.0961	1.06577	17.0961	1.3332271	1.071571	1.6587802
6.1476395	1.06577	17.0961	1.06577	17.0961	1.3359881	1.0596055	1.6844689
6.1618026	1.06577	17.0961	1.06577	17.0961	1.3389884	1.0484941	1.7099678
6.1759657	1.06577	17.0961	1.06577	17.0961	1.3421254	1.0382415	1.7349689
6.1901288	1.06577	17.0961	1.06577	17.0961	1.3452974	1.0288159	1.7591291
6.2042918	1.06577	17.0961	1.06577	17.0961	1.3483843	1.0201999	1.7821482
6.2184549	1.06577	17.0961	1.06577	17.0961	1.3512763	1.0123176	1.8037368
6.232618	1.06577	17.0961	1.06577	17.0961	1.3538644	1.0051344	1.8235932
6.2467811	1.06577	17.0961	1.06577	17.0961	1.3560391	0.9986054	1.8414188
6.2609442	1.06577	17.0961	1.06577	17.0961	1.3577083	0.9926923	1.8569347
6.2751073	1.06577	17.0961	1.06577	17.0961	1.3587608	0.9873693	1.8698472
6.2892704	1.06577	17.0961	1.06577	17.0961	1.3591313	0.982617	1.8799209
6.3034335	1.06577	17.0961	1.06577	17.0961	1.3587521	0.9784192	1.8869305
6.3175966	1.06577	17.0961	1.06577	17.0961	1.3575786	0.9747647	1.8907243
6.3317597	1.06577	17.0961	1.06577	17.0961	1.3555677	0.9716464	1.8911909
6.3459227	1.06577	17.0961	1.06577	17.0961	1.3527262	0.9690585	1.888294
6.3600858	1.06577	17.0961	1.06577	17.0961	1.349054	0.9669972	1.882056
6.3742489	1.06577	17.0961	1.06577	17.0961	1.3445753	0.9654574	1.8725699
6.388412	1.06577	17.0961	1.06577	17.0961	1.3393327	0.9644372	1.8599724
6.4025751	1.06577	17.0961	1.06577	17.0961	1.3333884	0.9639328	1.8444547
6.4167382	1.06577	17.0961	1.06577	17.0961	1.3268068	0.9639387	1.8262657
6.4309013	1.06577	17.0961	1.06577	17.0961	1.3196478	0.9644517	1.8056621
6.4450644	1.06577	17.0961	1.06577	17.0961	1.3119956	0.9654556	1.7829333
6.4592275	1.06577	17.0961	1.06577	17.0961	1.3039458	0.9669211	1.7584353
6.4733906	1.06577	17.0961	1.06577	17.0961	1.2955616	0.968809	1.7325317
6.4875536	1.06577	17.0961	1.06577	17.0961	1.2869429	0.9710599	1.7055838
6.5017167	1.06577	17.0961	1.06577	17.0961	1.2781542	0.9735917	1.6780073
6.5158798	1.06577	17.0961	1.06577	17.0961	1.2692882	0.9762945	1.6502171
6.5300429	1.06577	17.0961	1.06577	17.0961	1.2604078	0.9790282	1.6226755
6.544206	1.06577	17.0961	1.06577	17.0961	1.2515945	0.9816214	1.595824
6.5583691	1.06577	17.0961	1.06577	17.0961	1.2429233	0.9838677	1.5701969
6.5725322	1.06577	17.0961	1.06577	17.0961	1.2344698	0.9855449	1.5462782
6.5866953	1.06577	17.0961	1.06577	17.0961	1.226299	0.9864151	1.5245292
6.6008584	1.06577	17.0961	1.06577	17.0961	1.2184879	0.9862506	1.5054087
6.6150215	1.06577	17.0961	1.06577	17.0961	1.2110993	0.984857	1.4893116
6.6291845	1.06577	17.0961	1.06577	17.0961	1.204196	0.9821015	1.4765218
6.6433476	1.06577	17.0961	1.06577	17.0961	1.1978495	0.9779387	1.4672085
6.6575107	1.06577	17.0961	1.06577	17.0961	1.1921063	0.9724267	1.4614095
6.6716738	1.06577	17.0961	1.06577	17.0961	1.18702	0.9657091	1.459056
6.6858369	1.06577	17.0961	1.06577	17.0961	1.1826406	0.9580447	1.4598945
6.7	1.06577	17.0961	1.06577	17.0961	1.1789841	0.9497318	1.4635873
6.7141631	1.06577	17.0961	1.06577	17.0961	1.1760787	0.9410803	1.4697706
6.7283262	1.06577	17.0961	1.06577	17.0961	1.1739254	0.9323908	1.4780391
6.7424893	1.06577	17.0961	1.06577	17.0961	1.1725176	0.9239334	1.4879906
6.7566524	1.06577	17.0961	1.06577	17.0961	1.1718372	0.9159372	1.4992246
6.7708155	1.06577	17.0961	1.06577	17.0961	1.1718407	0.9085827	1.5113712
6.7849785	1.06577	17.0961	1.06577	17.0961	1.1724821	0.902006	1.5240664
6.7991416	1.06577	17.0961	1.06577	17.0961	1.1736987	0.8963006	1.5369584
6.8133047	1.06577	17.0961	1.06577	17.0961	1.1754176	0.891517	1.5497244
6.8274678	1.06577	17.0961	1.06577	17.0961	1.1775431	0.8876734	1.5620724
6.8416309	1.06577	17.0961	1.06577	17.0961	1.1799817	0.8847551	1.5737083
6.855794	1.06577	17.0961	1.06577	17.0961	1.1826126	0.8827195	1.5843918
6.8699571	1.06577	17.0961	1.06577	17.0961	1.1853294	0.8814999	1.5938757
6.8841202	1.06577	17.0961	1.06577	17.0961	1.1880029	0.8810032	1.6019873
6.8982833	1.06577	17.0961	1.06577	17.0961	1.1905137	0.8811203	1.608544
6.9124464	1.06577	17.0961	1.06577	17.0961	1.1927199	0.8817223	1.6134221
6.9266094	1.06577	17.0961	1.06577	17.0961	1.1945151	0.8826495	1.6165735
6.9407725	1.06577	17.0961	1.06577	17.0961	1.1957611	0.8837309	1.617963
6.9549356	1.06577	17.0961	1.06577	17.0961	1.1963562	0.8847833	1.6176467
6.9690987	1.06577	17.0961	1.06577	17.0961	1.1961957	0.8856068	1.6157068
6.9832618	1.06577	17.0961	1.06577	17.0961	1.1951876	0.8859862	1.6122937
6.9974249	1.06577	17.0961	1.06577	17.0961	1.1932556	0.8857016	1.6076184
7.011588	1.06577	17.0961	1.06577	17.0961	1.1903543	0.8845253	1.6019298
7.0257511	1.06577	17.0961	1.06577	17.0961	1.1864373	0.8822338	1.5955256
7.0399142	1.06577	17.0961	1.06577	17.0961	1.1814762	0.8786138	1.5887377
7.0540773	1.06577	17.0961	1.06577	17.0961	1.1754775	0.8734754	1.5818872
7.0682403	1.06577	17.0961	1.06577	17.0961	1.1684542	0.866666	1.5753244
7.0824034	1.06577	17.0961	1.06577	17.0961	1.1604387	0.8580785	1.5693466
7.0965665	1.06577	17.0961	1.06577	17.0961	1.1514905	0.8476653	1.5642172
7.1107296	1.06577	17.0961	1.06577	17.0961	1.1416716	0.8354458	1.5601354
7.1248927	1.06577	17.0961	1.06577	17.0961	1.1310573	0.8215049	1.5572409
7.1390558	1.06577	17.0961	1.06577	17.0961	1.1197253	0.8059831	1.5556044
7.1532189	1.06577	17.0961	1.06577	17.0961	1.1077853	0.7890847	1.5552216
7.167382	1.06577	17.0961	1.06577	17.0961	1.095344	0.7710697	1.5560083
7.1815451	1.06577	17.0961	1.06577	17.0961	1.0825105	0.7522077	1.5578552
7.1957082	1.06577	17.0961	1.06577	17.0961	1.0693842	0.7327812	1.5606184
7.2098712	1.06577	17.0961	1.06577	17.0961	1.0560742	0.713069	1.5641017
7.2240343	1.06577	17.0961	1.06577	17.0961	1.0427036	0.6933385	1.5681349
7.2381974	1.06577	17.0961	1.06577	17.0961	1.0293745	0.6738412	1.5725134
7.2523605	1.06577	17.0961	1.06577	17.0961	1.0161845	0.6548038	1.5770352
7.2665236	1.06577	17.0961	1.06577	17.0961	1.0032425	0.6364279	1.5815049
7.2806867	1.06577	17.0961	1.06577	17.0961	0.9906461	0.6188901	1.5857312
7.2948498	1.06577	17.0961	1.06577	17.0961	0.9784753	0.6023288	1.5895394
7.3090129	1.06577	17.0961	1.06577	17.0961	0.9668335	0.5868931	1.5927547
7.323176	1.06577	17.0961	1.06577	17.0961	0.9557898	0.5726727	1.5952202
7.3373391	1.06577	17.0961	1.06577	17.0961	0.9454141	0.5597469	1.5968169
7.3515021	1.06577	17.0961	1.06577	17.0961	0.9357675	0.5481767	1.5974118
7.3656652	1.06577	17.0961	1.06577	17.0961	0.9268997	0.5380018	1.5969142
7.3798283	1.06577	17.0961	1.06577	17.0961	0.91886	0.5292605	1.595248
7.3939914	1.06577	17.0961	1.06577	17.0961	0.9116761	0.521957	1.5923811
7.4081545	1.06577	17.0961	1.06577	17.0961	0.9053622	0.5160772	1.5882925
7.4223176	1.06577	17.0961	1.06577	17.0961	0.8999251	0.5116045	1.5829895
7.4364807	1.06577	17.0961	1.06577	17.0961	0.8953648	0.5085128	1.5765148
7.4506438	1.06577	17.0961	1.06577	17.0961	0.8916694	0.5067653	1.568923
7.4648069	1.06577	17.0961	1.06577	17.0961	0.8888211	0.50632	1.5602848
7.47897	1.06577	17.0961	1.06577	17.0961	0.8867948	0.5071305	1.5506993
7.493133	1.06577	17.0961	1.06577	17.0961	0.885559	0.509142	1.5402694
7.5072961	1.06577	17.0961	1.06577	17.0961	0.8850779	0.5123005	1.5291149
7.5214592	1.06577	17.0961	1.06577	17.0961	0.8853144	0.516547	1.5173578
7.5356223	1.06577	17.0961	1.06577	17.0961	0.8862289	0.5218222	1.5051225
7.5497854	1.06577	17.0961	1.06577	17.0961	0.8877803	0.5280662	1.4925331
7.5639485	1.06577	17.0961	1.06577	17.0961	0.8899297	0.5352188	1.4797316
7.5781116	1.06577	17.0961	1.06577	17.0961	0.8926371	0.5432191	1.4668183
7.5922747	1.06577	17.0961	1.06577	17.0961	0.8958652	0.5520088	1.4539195
7.6064378	1.06577	17.0961	1.06577	17.0961	0.8995768	0.5615308	1.4411263
7.6206009	1.06577	17.0961	1.06577	17.0961	0.9037443	0.5717365	1.4285527
7.6347639	1.06577	17.0961	1.06577	17.0961	0.9083294	0.5825635	1.4162692
7.648927	1.06577	17.0961	1.06577	17.0961	0.9132994	0.5939598	1.4043402
7.6630901	1.06577	17.0961	1.06577	17.0961	0.9186282	0.6058826	1.3928164
7.6772532	1.06577	17.0961	1.06577	17.0961	0.9242819	0.6182768	1.3817521
7.6914163	1.06577	17.0961	1.06577	17.0961	0.9302345	0.6311045	1.3711662
7.7055794	1.06577	17.0961	1.06577	17.0961	0.9364592	0.6443287	1.3610533
7.7197425	1.06577	17.0961	1.06577	17.0961	0.9429276	0.6579177	1.3514205
7.7339056	1.06577	17.0961	1.06577	17.0961	0.9496131	0.6718428	1.342243
7.7480687	1.06577	17.0961	1.06577	17.0961	0.9564849	0.686079	1.3334846
7.7622318	1.06577	17.0961	1.06577	17.0961	0.9635138	0.7006031	1.3251007
7.7763948	1.06577	17.0961	1.06577	17.0961	0.9706673	0.7153943	1.3170394
7.7905579	1.06577	17.0961	1.06577	17.0961	0.9779132	0.7304309	1.3092598
7.804721	1.06577	17.0961	1.06577	17.0961	0.9852153	0.7456866	1.3016924
7.8188841	1.06577	17.0961	1.06577	17.0961	0.9925361	0.7611299	1.2943021
7.8330472	1.06577	17.0961	1.06577	17.0961	0.9998392	0.7767158	1.2870599
7.8472103	1.06577	17.0961	1.06577	17.0961	1.0070794	0.7923838	1.2799597
7.8613734	1.06577	17.0961	1.06577	17.0961	1.014221	0.8080501	1.2730112
7.8755365	1.06577	17.0961	1.06577	17.0961	1.0212224	0.8236009	1.266278
7.8896996	1.06577	17.0961	1.06577	17.0961	1.0280391	0.8388879	1.259849
7.9038627	1.06577	17.0961	1.06577	17.0961	1.0346314	0.8537186	1.2538909
7.9180258	1.06577	17.0961	1.06577	17.0961	1.0409575	0.8678571	1.248594
7.9321888	1.06577	17.0961	1.06577	17.0961	1.0469851	0.8810195	1.2442237
7.9463519	1.06577	17.0961	1.06577	17.0961	1.0526749	0.8928848	1.2410745
7.960515	1.06577	17.0961	1.06577	17.0961	1.0580022	0.9031123	1.2394661
7.9746781	1.06577	17.0961	1.06577	17.0961	1.0629445	0.911381	1.2397118
7.9888412	1.06577	17.0961	1.06577	17.0961	1.0674732	0.917432	1.2420526
8.0030043	1.06577	17.0961	1.06577	17.0961	1.0715781	0.9211146	1.2466254
8.0171674	1.06577	17.0961	1.06577	17.0961	1.075254	0.9224217	1.2534023
8.0313305	1.06577	17.0961	1.06577	17.0961	1.0784912	0.9214871	1.2622467
8.0454936	1.06577	17.0961	1.06577	17.0961	1.0812983	0.9185598	1.2728783
8.0596567	1.06577	17.0961	1.06577	17.0961	1.0836901	0.913966	1.2849345
8.0738197	1.06577	17.0961	1.06577	17.0961	1.0856686	0.9080549	1.2980309
8.0879828	1.06577	17.0961	1.06577	17.0961	1.0872592	0.9011638	1.3117966
8.1021459	1.06577	17.0961	1.06577	17.0961	1.0884896	0.8936115	1.3258685
8.116309	1.06577	17.0961	1.06577	17.0961	1.0893798	0.8856798	1.3399393
8.1304721	1.06577	17.0961	1.06577	17.0961	1.0899684	0.8775988	1.3537358
8.1446352	1.06577	17.0961	1.06577	17.0961	1.0902807	0.8695643	1.3670244
8.1587983	1.06577	17.0961	1.06577	17.0961	1.0903465	0.8617325	1.379618
8.1729614	1.06577	17.0961	1.06577	17.0961	1.0902063	0.8542346	1.3913651
8.1871245	1.06577	17.0961	1.06577	17.0961	1.0898792	0.8471722	1.4021264
8.2012876	1.06577	17.0961	1.06577	17.0961	1.0894116	0.8406293	1.4118127
8.2154506	1.06577	17.0961	1.06577	17.0961	1.0888123	0.8346681	1.4203477
8.2296137	1.06577	17.0961	1.06577	17.0961	1.0881277	0.8293386	1.427667
8.2437768	1.06577	17.0961	1.06577	17.0961	1.0873641	0.8246793	1.4337289
8.2579399	1.06577	17.0961	1.06577	17.0961	1.086563	0.8207166	1.4385223
8.272103	1.06577	17.0961	1.06577	17.0961	1.0857362	0.8174702	1.4420271
8.2862661	1.06577	17.0961	1.06577	17.0961	1.0849019	0.8149533	1.4442646
8.3004292	1.06577	17.0961	1.06577	17.0961	1.0840792	0.8131739	1.445233
8.3145923	1.06577	17.0961	1.06577	17.0961	1.083284	0.8121362	1.4449708
8.3287554	1.06577	17.0961	1.06577	17.0961	1.0825465	0.8118481	1.4435009
8.3429185	1.06577	17.0961	1.06577	17.0961	1.0818655	0.8122993	1.4408875
8.3570815	1.06577	17.0961	1.06577	17.0961	1.0812593	0.8134813	1.4371815
8.3712446	1.06577	17.0961	1.06577	17.0961	1.0807438	0.8153823	1.4324647
8.3854077	1.06577	17.0961	1.06577	17.0961	1.0803239	0.8179886	1.4268
8.3995708	1.06577	17.0961	1.06577	17.0961	1.0800247	0.8212809	1.4202899
8.4137339	1.06577	17.0961	1.06577	17.0961	1.0798541	0.8252384	1.4130186
8.427897	1.06577	17.0961	1.06577	17.0961	1.0798108	0.8298244	1.4051099
8.4420601	1.06577	17.0961	1.06577	17.0961	1.0799178	0.8350013	1.3966829
8.4562232	1.06577	17.0961	1.06577	17.0961	1.0801853	0.84072	1.3878635
8.4703863	1.06577	17.0961	1.06577	17.0961	1.0806168	0.8469189	1.378802
8.4845494	1.06577	17.0961	1.06577	17.0961	1.0812175	0.8535209	1.3696539
8.4987124	1.06577	17.0961	1.06577	17.0961	1.0819874	0.8604334	1.360592
8.5128755	1.06577	17.0961	1.06577	17.0961	1.0829384	0.8675435	1.3518085
8.5270386	1.06577	17.0961	1.06577	17.0961	1.0840662	0.8747186	1.3435093
8.5412017	1.06577	17.0961	1.06577	17.0961	1.0853632	0.8818038	1.3359083
8.5553648	1.06577	17.0961	1.06577	17.0961	1.0868294	0.8886265	1.3292324
8.5695279	1.06577	17.0961	1.06577	17.0961	1.0884485	0.8949842	1.3237405
8.583691	1.06577	17.0961	1.06577	17.0961	1.090218	0.9006852	1.3196464
8.5978541	1.06577	17.0961	1.06577	17.0961	1.0921197	0.9055362	1.3171503
8.6120172	1.06577	17.0961	1.06577	17.0961	1.0941279	0.9093645	1.3164348
8.6261803	1.06577	17.0961	1.06577	17.0961	1.09623	0.912035	1.317627
8.6403433	1.06577	17.0961	1.06577	17.0961	1.0983934	0.9134638	1.3207624
8.6545064	1.06577	17.0961	1.06577	17.0961	1.1006016	0.9136285	1.3258458
8.6686695	1.06577	17.0961	1.06577	17.0961	1.1028234	0.9125667	1.3327519
8.6828326	1.06577	17.0961	1.06577	17.0961	1.1050405	0.9103717	1.3413295
8.6969957	1.06577	17.0961	1.06577	17.0961	1.1072109	0.9071795	1.3513563
8.7111588	1.06577	17.0961	1.06577	17.0961	1.1093248	0.9031529	1.3625629
8.7253219	1.06577	17.0961	1.06577	17.0961	1.1113539	0.8984677	1.3746886
8.739485	1.06577	17.0961	1.06577	17.0961	1.1132802	0.8932995	1.3874345
8.7536481	1.06577	17.0961	1.06577	17.0961	1.1150836	0.8878193	1.4005374
8.7678112	1.06577	17.0961	1.06577	17.0961	1.1167622	0.8821814	1.4137263
8.7819742	1.06577	17.0961	1.06577	17.0961	1.1183009	0.8765278	1.426765
8.7961373	1.06577	17.0961	1.06577	17.0961	1.1196982	0.8709816	1.4394413
8.8103004	1.06577	17.0961	1.06577	17.0961	1.1209617	0.8656632	1.4515486
8.8244635	1.06577	17.0961	1.06577	17.0961	1.1220936	0.8606621	1.4629365
8.8386266	1.06577	17.0961	1.06577	17.0961	1.1231018	0.8560598	1.4734552
8.8527897	1.06577	17.0961	1.06577	17.0961	1.1240147	0.8519254	1.4829981
8.8669528	1.06577	17.0961	1.06577	17.0961	1.1248404	0.8483192	1.4914884
8.8811159	1.06577	17.0961	1.06577	17.0961	1.1255972	0.8452888	1.4988593
8.895279	1.06577	17.0961	1.06577	17.0961	1.1263131	0.8428754	1.5050576
8.9094421	1.06577	17.0961	1.06577	17.0961	1.1270065	0.8411118	1.51007
8.9236052	1.06577	17.0961	1.06577	17.0961	1.1277	0.8400223	1.5138935
8.9377682	1.06577	17.0961	1.06577	17.0961	1.1284162	0.8396238	1.5165462
8.9519313	1.06577	17.0961	1.06577	17.0961	1.1291832	0.8399265	1.5180497
8.9660944	1.06577	17.0961	1.06577	17.0961	1.1299992	0.8409319	1.5184429
8.9802575	1.06577	17.0961	1.06577	17.0961	1.1309105	0.8426349	1.5178026
8.9944206	1.06577	17.0961	1.06577	17.0961	1.1319014	0.8450223	1.5161815
9.0085837	1.06577	17.0961	1.06577	17.0961	1.133003	0.8480736	1.5136733
9.0227468	1.06577	17.0961	1.06577	17.0961	1.1342271	0.8517576	1.5103691
9.0369099	1.06577	17.0961	1.06577	17.0961	1.1355657	0.8560417	1.5063537
9.051073	1.06577	17.0961	1.06577	17.0961	1.1370275	0.8608754	1.5017606
9.0652361	1.06577	17.0961	1.06577	17.0961	1.1386107	0.8661954	1.4967111
9.0793991	1.06577	17.0961	1.06577	17.0961	1.1403176	0.871934	1.4913151
9.0935622	1.06577	17.0961	1.06577	17.0961	1.1421373	0.8780127	1.4857164
9.1077253	1.06577	17.0961	1.06577	17.0961	1.1440531	0.8843427	1.4800439
9.1218884	1.06577	17.0961	1.06577	17.0961	1.146073	0.8908271	1.4744511
9.1360515	1.06577	17.0961	1.06577	17.0961	1.148156	0.8973572	1.4690582
9.1502146	1.06577	17.0961	1.06577	17.0961	1.1503054	0.903818	1.4640175
9.1643777	1.06577	17.0961	1.06577	17.0961	1.1524941	0.9100936	1.459456
9.1785408	1.06577	17.0961	1.06577	17.0961	1.1547002	0.9160495	1.4555191
9.1927039	1.06577	17.0961	1.06577	17.0961	1.1568989	0.9215684	1.4523278
9.206867	1.06577	17.0961	1.06577	17.0961	1.1590763	0.9265307	1.449986
9.22103	1.06577	17.0961	1.06577	17.0961	1.1612023	0.9308265	1.4485901
9.2351931	1.06577	17.0961	1.06577	17.0961	1.1632531	0.9343623	1.4482233
9.2493562	1.06577	17.0961	1.06577	17.0961	1.1652166	0.9370626	1.4489127
9.2635193	1.06577	17.0961	1.06577	17.0961	1.1670485	0.9388755	1.4506827
9.2776824	1.06577	17.0961	1.06577	17.0961	1.1687567	0.9397613	1.4535389
9.2918455	1.06577	17.0961	1.06577	17.0961	1.1702951	0.9397308	1.4574231
9.3060086	1.06577	17.0961	1.06577	17.0961	1.1716561	0.9388113	1.4622593
9.3201717	1.06577	17.0961	1.06577	17.0961	1.172829	0.9370498	1.4679419
9.3343348	1.06577	17.0961	1.06577	17.0961	1.1737967	0.9345102	1.4743532
9.3484979	1.06577	17.0961	1.06577	17.0961	1.1745511	0.9312711	1.481376
9.3626609	1.06577	17.0961	1.06577	17.0961	1.175074	0.9274178	1.4888626
9.376824	1.06577	17.0961	1.06577	17.0961	1.1753678	0.9230422	1.4966652
9.3909871	1.06577	17.0961	1.06577	17.0961	1.1754259	0.9182361	1.5046493
9.4051502	1.06577	17.0961	1.06577	17.0961	1.1752442	0.9130902	1.5126592
9.4193133	1.06577	17.0961	1.06577	17.0961	1.1748182	0.9076904	1.5205716
9.4334764	1.06577	17.0961	1.06577	17.0961	1.1741606	0.9021202	1.5282444
9.4476395	1.06577	17.0961	1.06577	17.0961	1.173275	0.8964552	1.5355701
9.4618026	1.06577	17.0961	1.06577	17.0961	1.1721568	0.8907676	1.5424248
9.4759657	1.06577	17.0961	1.06577	17.0961	1.170814	0.8851204	1.5487174
9.4901288	1.06577	17.0961	1.06577	17.0961	1.1692643	0.8795745	1.5543565
9.5042918	1.06577	17.0961	1.06577	17.0961	1.1675074	0.874182	1.5592507
9.5184549	1.06577	17.0961	1.06577	17.0961	1.1655599	0.8689942	1.5633257
9.532618	1.06577	17.0961	1.06577	17.0961	1.1634229	0.8640489	1.566519
9.5467811	1.06577	17.0961	1.06577	17.0961	1.1611171	0.8593913	1.5687839
9.5609442	1.06577	17.0961	1.06577	17.0961	1.1586598	0.8550526	1.5700719
9.5751073	1.06577	17.0961	1.06577	17.0961	1.156059	0.8510615	1.5703514
9.5892704	1.06577	17.0961	1.06577	17.0961	1.1533166	0.8474456	1.5695967
9.6034335	1.06577	17.0961	1.06577	17.0961	1.1504641	0.8442267	1.5677864
9.6175966	1.06577	17.0961	1.06577	17.0961	1.1475024	0.8414245	1.5649195
9.6317597	1.06577	17.0961	1.06577	17.0961	1.144447	0.8390549	1.5609941
9.6459227	1.06577	17.0961	1.06577	17.0961	1.1413124	0.8371306	1.5560245
9.6600858	1.06577	17.0961	1.06577	17.0961	1.1381105	0.8356609	1.5500308
9.6742489	1.06577	17.0961	1.06577	17.0961	1.1348549	0.8346519	1.543034
9.688412	1.06577	17.0961	1.06577	17.0961	1.1315618	0.8341073	1.5350803
9.7025751	1.06577	17.0961	1.06577	17.0961	1.128231	0.8340268	1.5262112
9.7167382	1.06577	17.0961	1.06577	17.0961	1.1248845	0.8344068	1.5164812
9.7309013	1.06577	17.0961	1.06577	17.0961	1.1215281	0.8352405	1.5059456
9.7450644	1.06577	17.0961	1.06577	17.0961	1.1181814	0.8365208	1.4946819
9.7592275	1.06577	17.0961	1.06577	17.0961	1.1148443	0.8382367	1.4827436
9.7733906	1.06577	17.0961	1.06577	17.0961	1.1115344	0.840365	1.4702202
9.7875536	1.06577	17.0961	1.06577	17.0961	1.1082621	0.8428885	1.4571925
9.8017167	1.06577	17.0961	1.06577	17.0961	1.1050273	0.845782	1.4437442
9.8158798	1.06577	17.0961	1.06577	17.0961	1.1018402	0.8490201	1.4299481
9.8300429	1.06577	17.0961	1.06577	17.0961	1.0987069	0.8525744	1.4159032
9.844206	1.06577	17.0961	1.06577	17.0961	1.0956355	0.8564134	1.4016806
9.8583691	1.06577	17.0961	1.06577	17.0961	1.0926194	0.8605033	1.3873512
9.8725322	1.06577	17.0961	1.06577	17.0961	1.0896641	0.8648085	1.3729941
9.8866953	1.06577	17.0961	1.06577	17.0961	1.0867752	0.8692932	1.3586721
9.9008584	1.06577	17.0961	1.06577	17.0961	1.0839421	0.8739206	1.3444416
9.9150215	1.06577	17.0961	1.06577	17.0961	1.0811647	0.8786544	1.330357
9.9291845	1.06577	17.0961	1.06577	17.0961	1.078443	0.8834535	1.3164773
9.9433476	1.06577	17.0961	1.06577	17.0961	1.075769	0.8882855	1.3028198
9.9575107	1.06577	17.0961	1.06577	17.0961	1.0731226	0.8931174	1.2894083
9.9716738	1.06577	17.0961	1.06577	17.0961	1.0705136	0.8979183	1.2762788
9.9858369	1.06577	17.0961	1.06577	17.0961	1.0679138	0.9026612	1.2634246
10	1.06577	17.0961	1.06577	17.0961	1.065319	0.9073282	1.2508301
